   0.0000000e+00   5.0000000e+02   0.0000000e+00   8.1164694e+02   1.6031542e+02
   1.0000000e+02   5.0000000e+02   0.0000000e+00   7.9716227e+02   2.3157726e+02
   2.0000000e+02   5.0000000e+02   0.0000000e+00   7.8347776e+02   3.0395259e+02
   3.0000000e+02   5.0000000e+02   0.0000000e+00   7.6900656e+02   3.7684172e+02
   4.0000000e+02   5.0000000e+02   0.0000000e+00   7.5217152e+02   4.5007230e+02
   5.0000000e+02   5.0000000e+02   0.0000000e+00   7.3566217e+02   5.2264153e+02
   6.0000000e+02   5.0000000e+02   0.0000000e+00   7.1847844e+02   5.9455744e+02
   7.0000000e+02   5.0000000e+02   0.0000000e+00   7.0136352e+02   6.6454143e+02
   0.0000000e+00   4.0000000e+02   0.0000000e+00   7.5430862e+02   1.3605046e+02
   1.0000000e+02   4.0000000e+02   0.0000000e+00   7.4023493e+02   2.0982213e+02
   2.0000000e+02   4.0000000e+02   0.0000000e+00   7.2449991e+02   2.8502247e+02
   3.0000000e+02   4.0000000e+02   0.0000000e+00   7.0908753e+02   3.6097246e+02
   4.0000000e+02   4.0000000e+02   0.0000000e+00   6.9222928e+02   4.3730051e+02
   5.0000000e+02   4.0000000e+02   0.0000000e+00   6.7545173e+02   5.1335854e+02
   6.0000000e+02   4.0000000e+02   0.0000000e+00   6.5808026e+02   5.8811435e+02
   7.0000000e+02   4.0000000e+02   0.0000000e+00   6.4026887e+02   6.6087764e+02
   0.0000000e+00   3.0000000e+02   0.0000000e+00   6.9220549e+02   1.1013771e+02
   1.0000000e+02   3.0000000e+02   0.0000000e+00   6.7677397e+02   1.8651197e+02
   2.0000000e+02   3.0000000e+02   0.0000000e+00   6.6058477e+02   2.6468325e+02
   3.0000000e+02   3.0000000e+02   0.0000000e+00   6.4380077e+02   3.4389105e+02
   4.0000000e+02   3.0000000e+02   0.0000000e+00   6.2672402e+02   4.2352893e+02
   5.0000000e+02   3.0000000e+02   0.0000000e+00   6.0949530e+02   5.0277974e+02
   6.0000000e+02   3.0000000e+02   0.0000000e+00   5.9145190e+02   5.8067891e+02
   7.0000000e+02   3.0000000e+02   0.0000000e+00   5.7355460e+02   6.5663530e+02
   0.0000000e+00   2.0000000e+02   0.0000000e+00   6.2529350e+02   8.2700691e+01
   1.0000000e+02   2.0000000e+02   0.0000000e+00   6.0822996e+02   1.6217674e+02
   2.0000000e+02   2.0000000e+02   0.0000000e+00   5.9092368e+02   2.4327196e+02
   3.0000000e+02   2.0000000e+02   0.0000000e+00   5.7342649e+02   3.2571696e+02
   4.0000000e+02   2.0000000e+02   0.0000000e+00   5.5562664e+02   4.0869070e+02
   5.0000000e+02   2.0000000e+02   0.0000000e+00   5.3767795e+02   4.9125513e+02
   6.0000000e+02   2.0000000e+02   0.0000000e+00   5.1976713e+02   5.7227658e+02
   7.0000000e+02   2.0000000e+02   0.0000000e+00   5.0236356e+02   6.5129568e+02
   0.0000000e+00   1.0000000e+02   0.0000000e+00   5.5147808e+02   5.3913350e+01
   1.0000000e+02   1.0000000e+02   0.0000000e+00   5.3334614e+02   1.3623953e+02
   2.0000000e+02   1.0000000e+02   0.0000000e+00   5.1480894e+02   2.2045321e+02
   3.0000000e+02   1.0000000e+02   0.0000000e+00   4.9635451e+02   3.0618553e+02
   4.0000000e+02   1.0000000e+02   0.0000000e+00   4.7775596e+02   3.9250055e+02
   5.0000000e+02   1.0000000e+02   0.0000000e+00   4.5958730e+02   4.7837724e+02
   6.0000000e+02   1.0000000e+02   0.0000000e+00   4.4179013e+02   5.6305772e+02
   7.0000000e+02   1.0000000e+02   0.0000000e+00   4.2439369e+02   6.4509294e+02
   0.0000000e+00   0.0000000e+00   0.0000000e+00   4.7244910e+02   2.3717766e+01
   1.0000000e+02   0.0000000e+00   0.0000000e+00   4.5265484e+02   1.0928506e+02
   2.0000000e+02   0.0000000e+00   0.0000000e+00   4.3280242e+02   1.9652577e+02
   3.0000000e+02   0.0000000e+00   0.0000000e+00   4.1330778e+02   2.8547898e+02
   4.0000000e+02   0.0000000e+00   0.0000000e+00   3.9419121e+02   3.7519421e+02
   5.0000000e+02   0.0000000e+00   0.0000000e+00   3.7576096e+02   4.6453682e+02
   6.0000000e+02   0.0000000e+00   0.0000000e+00   3.5807726e+02   5.5243247e+02
   7.0000000e+02   0.0000000e+00   0.0000000e+00   3.4139102e+02   6.3758997e+02
