   0.0000000e+00   9.0000000e+02   0.0000000e+00   9.6506795e+02   7.3562667e+01
   1.0000000e+02   9.0000000e+02   0.0000000e+00   9.6862495e+02   1.4954008e+02
   2.0000000e+02   9.0000000e+02   0.0000000e+00   9.7319622e+02   2.2712334e+02
   3.0000000e+02   9.0000000e+02   0.0000000e+00   9.7738561e+02   3.0548660e+02
   4.0000000e+02   9.0000000e+02   0.0000000e+00   9.7885990e+02   3.8638569e+02
   5.0000000e+02   9.0000000e+02   0.0000000e+00   9.8011658e+02   4.6730476e+02
   6.0000000e+02   9.0000000e+02   0.0000000e+00   9.8061082e+02   5.4881290e+02
   7.0000000e+02   9.0000000e+02   0.0000000e+00   9.7981131e+02   6.2972944e+02
   0.0000000e+00   8.0000000e+02   0.0000000e+00   8.9562378e+02   6.5252794e+01
   1.0000000e+02   8.0000000e+02   0.0000000e+00   9.0005790e+02   1.4189707e+02
   2.0000000e+02   8.0000000e+02   0.0000000e+00   9.0344780e+02   2.2150116e+02
   3.0000000e+02   8.0000000e+02   0.0000000e+00   9.0733586e+02   3.0223379e+02
   4.0000000e+02   8.0000000e+02   0.0000000e+00   9.0917124e+02   3.8486176e+02
   5.0000000e+02   8.0000000e+02   0.0000000e+00   9.1058407e+02   4.6814637e+02
   6.0000000e+02   8.0000000e+02   0.0000000e+00   9.1104789e+02   5.5178889e+02
   7.0000000e+02   8.0000000e+02   0.0000000e+00   9.0947727e+02   6.3441538e+02
   0.0000000e+00   7.0000000e+02   0.0000000e+00   8.2319595e+02   5.6198921e+01
   1.0000000e+02   7.0000000e+02   0.0000000e+00   8.2729261e+02   1.3478047e+02
   2.0000000e+02   7.0000000e+02   0.0000000e+00   8.3052088e+02   2.1557304e+02
   3.0000000e+02   7.0000000e+02   0.0000000e+00   8.3344131e+02   2.9863112e+02
   4.0000000e+02   7.0000000e+02   0.0000000e+00   8.3551673e+02   3.8319182e+02
   5.0000000e+02   7.0000000e+02   0.0000000e+00   8.3702075e+02   4.6875648e+02
   6.0000000e+02   7.0000000e+02   0.0000000e+00   8.3650526e+02   5.5461809e+02
   7.0000000e+02   7.0000000e+02   0.0000000e+00   8.3512800e+02   6.3957175e+02
   0.0000000e+00   6.0000000e+02   0.0000000e+00   7.4781651e+02   4.7273845e+01
   1.0000000e+02   6.0000000e+02   0.0000000e+00   7.5073500e+02   1.2740380e+02
   2.0000000e+02   6.0000000e+02   0.0000000e+00   7.5359300e+02   2.0986407e+02
   3.0000000e+02   6.0000000e+02   0.0000000e+00   7.5597671e+02   2.9472786e+02
   4.0000000e+02   6.0000000e+02   0.0000000e+00   7.5776660e+02   3.8166986e+02
   5.0000000e+02   6.0000000e+02   0.0000000e+00   7.5867056e+02   4.6962581e+02
   6.0000000e+02   6.0000000e+02   0.0000000e+00   7.5827101e+02   5.5750256e+02
   7.0000000e+02   6.0000000e+02   0.0000000e+00   7.5740270e+02   6.4451751e+02
   0.0000000e+00   5.0000000e+02   0.0000000e+00   6.6744747e+02   3.8501583e+01
   1.0000000e+02   5.0000000e+02   0.0000000e+00   6.6970756e+02   1.2011058e+02
   2.0000000e+02   5.0000000e+02   0.0000000e+00   6.7172454e+02   2.0422137e+02
   3.0000000e+02   5.0000000e+02   0.0000000e+00   6.7352630e+02   2.9111483e+02
   4.0000000e+02   5.0000000e+02   0.0000000e+00   6.7461351e+02   3.8018976e+02
   5.0000000e+02   5.0000000e+02   0.0000000e+00   6.7535243e+02   4.7024356e+02
   6.0000000e+02   5.0000000e+02   0.0000000e+00   6.7516521e+02   5.6046930e+02
   7.0000000e+02   5.0000000e+02   0.0000000e+00   6.7430232e+02   6.4949460e+02
   0.0000000e+00   4.0000000e+02   0.0000000e+00   5.8447120e+02   3.0451668e+01
   1.0000000e+02   4.0000000e+02   0.0000000e+00   5.8532351e+02   1.1329669e+02
   2.0000000e+02   4.0000000e+02   0.0000000e+00   5.8605571e+02   1.9911544e+02
   3.0000000e+02   4.0000000e+02   0.0000000e+00   5.8683864e+02   2.8780759e+02
   4.0000000e+02   4.0000000e+02   0.0000000e+00   5.8745336e+02   3.7865352e+02
   5.0000000e+02   4.0000000e+02   0.0000000e+00   5.8779650e+02   4.7077174e+02
   6.0000000e+02   4.0000000e+02   0.0000000e+00   5.8769740e+02   5.6296310e+02
   7.0000000e+02   4.0000000e+02   0.0000000e+00   5.8756102e+02   6.5380346e+02
   0.0000000e+00   3.0000000e+02   0.0000000e+00   4.9736509e+02   2.3454507e+01
   1.0000000e+02   3.0000000e+02   0.0000000e+00   4.9697494e+02   1.0751715e+02
   2.0000000e+02   3.0000000e+02   0.0000000e+00   4.9653707e+02   1.9458409e+02
   3.0000000e+02   3.0000000e+02   0.0000000e+00   4.9628347e+02   2.8489101e+02
   4.0000000e+02   3.0000000e+02   0.0000000e+00   4.9622925e+02   3.7749818e+02
   5.0000000e+02   3.0000000e+02   0.0000000e+00   4.9623728e+02   4.7130863e+02
   6.0000000e+02   3.0000000e+02   0.0000000e+00   4.9631857e+02   5.6502011e+02
   7.0000000e+02   3.0000000e+02   0.0000000e+00   4.9639766e+02   6.5758183e+02
   0.0000000e+00   2.0000000e+02   0.0000000e+00   4.0789658e+02   1.7432970e+01
   1.0000000e+02   2.0000000e+02   0.0000000e+00   4.0596813e+02   1.0260431e+02
   2.0000000e+02   2.0000000e+02   0.0000000e+00   4.0411685e+02   1.9089618e+02
   3.0000000e+02   2.0000000e+02   0.0000000e+00   4.0272436e+02   2.8250060e+02
   4.0000000e+02   2.0000000e+02   0.0000000e+00   4.0199601e+02   3.7627916e+02
   5.0000000e+02   2.0000000e+02   0.0000000e+00   4.0173812e+02   4.7148053e+02
   6.0000000e+02   2.0000000e+02   0.0000000e+00   4.0201785e+02   5.6653862e+02
   7.0000000e+02   2.0000000e+02   0.0000000e+00   4.0271714e+02   6.6037829e+02
   0.0000000e+00   1.0000000e+02   0.0000000e+00   3.1637907e+02   1.2027331e+01
   1.0000000e+02   1.0000000e+02   0.0000000e+00   3.1321950e+02   9.8869759e+01
   2.0000000e+02   1.0000000e+02   0.0000000e+00   3.1010175e+02   1.8800574e+02
   3.0000000e+02   1.0000000e+02   0.0000000e+00   3.0766573e+02   2.8049496e+02
   4.0000000e+02   1.0000000e+02   0.0000000e+00   3.0612172e+02   3.7531681e+02
   5.0000000e+02   1.0000000e+02   0.0000000e+00   3.0567387e+02   4.7146595e+02
   6.0000000e+02   1.0000000e+02   0.0000000e+00   3.0603891e+02   5.6735778e+02
   7.0000000e+02   1.0000000e+02   0.0000000e+00   3.0719920e+02   6.6205536e+02
   0.0000000e+00   0.0000000e+00   0.0000000e+00   2.2337162e+02   7.5832302e+00
   1.0000000e+02   0.0000000e+00   0.0000000e+00   2.1926970e+02   9.5407696e+01
   2.0000000e+02   0.0000000e+00   0.0000000e+00   2.1478217e+02   1.8595089e+02
   3.0000000e+02   0.0000000e+00   0.0000000e+00   2.1172303e+02   2.7904439e+02
   4.0000000e+02   0.0000000e+00   0.0000000e+00   2.0933726e+02   3.7461174e+02
   5.0000000e+02   0.0000000e+00   0.0000000e+00   2.0846179e+02   4.7122595e+02
   6.0000000e+02   0.0000000e+00   0.0000000e+00   2.0903934e+02   5.6809739e+02
   7.0000000e+02   0.0000000e+00   0.0000000e+00   2.1038676e+02   6.6370169e+02
