   0.0000000e+00   8.0000000e+02   0.0000000e+00   9.0773566e+02   2.1534951e+01
   1.0000000e+02   8.0000000e+02   0.0000000e+00   9.1405640e+02   1.0673418e+02
   2.0000000e+02   8.0000000e+02   0.0000000e+00   9.1961153e+02   1.9360058e+02
   3.0000000e+02   8.0000000e+02   0.0000000e+00   9.2539030e+02   2.8119277e+02
   4.0000000e+02   8.0000000e+02   0.0000000e+00   9.2915038e+02   3.7006286e+02
   5.0000000e+02   8.0000000e+02   0.0000000e+00   9.3222122e+02   4.5854504e+02
   6.0000000e+02   8.0000000e+02   0.0000000e+00   9.3392039e+02   5.4664544e+02
   7.0000000e+02   8.0000000e+02   0.0000000e+00   9.3403491e+02   6.3264200e+02
   0.0000000e+00   7.0000000e+02   0.0000000e+00   8.2135759e+02   2.3463303e+01
   1.0000000e+02   7.0000000e+02   0.0000000e+00   8.2768706e+02   1.0866702e+02
   2.0000000e+02   7.0000000e+02   0.0000000e+00   8.3365390e+02   1.9552994e+02
   3.0000000e+02   7.0000000e+02   0.0000000e+00   8.3876359e+02   2.8385094e+02
   4.0000000e+02   7.0000000e+02   0.0000000e+00   8.4319139e+02   3.7324427e+02
   5.0000000e+02   7.0000000e+02   0.0000000e+00   8.4649421e+02   4.6260853e+02
   6.0000000e+02   7.0000000e+02   0.0000000e+00   8.4810860e+02   5.5115956e+02
   7.0000000e+02   7.0000000e+02   0.0000000e+00   8.4884060e+02   6.3780884e+02
   0.0000000e+00   6.0000000e+02   0.0000000e+00   7.3506070e+02   2.5701121e+01
   1.0000000e+02   6.0000000e+02   0.0000000e+00   7.4085074e+02   1.1094201e+02
   2.0000000e+02   6.0000000e+02   0.0000000e+00   7.4630929e+02   1.9793688e+02
   3.0000000e+02   6.0000000e+02   0.0000000e+00   7.5143533e+02   2.8679304e+02
   4.0000000e+02   6.0000000e+02   0.0000000e+00   7.5571136e+02   3.7660956e+02
   5.0000000e+02   6.0000000e+02   0.0000000e+00   7.5904730e+02   4.6667501e+02
   6.0000000e+02   6.0000000e+02   0.0000000e+00   7.6131532e+02   5.5565234e+02
   7.0000000e+02   6.0000000e+02   0.0000000e+00   7.6300833e+02   6.4262489e+02
   0.0000000e+00   5.0000000e+02   0.0000000e+00   6.4690319e+02   2.8720079e+01
   1.0000000e+02   5.0000000e+02   0.0000000e+00   6.5204082e+02   1.1373885e+02
   2.0000000e+02   5.0000000e+02   0.0000000e+00   6.5709213e+02   2.0105049e+02
   3.0000000e+02   5.0000000e+02   0.0000000e+00   6.6169311e+02   2.9006475e+02
   4.0000000e+02   5.0000000e+02   0.0000000e+00   6.6592397e+02   3.8032370e+02
   5.0000000e+02   5.0000000e+02   0.0000000e+00   6.6948146e+02   4.7059132e+02
   6.0000000e+02   5.0000000e+02   0.0000000e+00   6.7236456e+02   5.5990081e+02
   7.0000000e+02   5.0000000e+02   0.0000000e+00   6.7459272e+02   6.4718964e+02
   0.0000000e+00   4.0000000e+02   0.0000000e+00   5.5874635e+02   3.2557694e+01
   1.0000000e+02   4.0000000e+02   0.0000000e+00   5.6311780e+02   1.1750354e+02
   2.0000000e+02   4.0000000e+02   0.0000000e+00   5.6730467e+02   2.0476468e+02
   3.0000000e+02   4.0000000e+02   0.0000000e+00   5.7149727e+02   2.9386549e+02
   4.0000000e+02   4.0000000e+02   0.0000000e+00   5.7557210e+02   3.8412668e+02
   5.0000000e+02   4.0000000e+02   0.0000000e+00   5.7944615e+02   4.7444254e+02
   6.0000000e+02   4.0000000e+02   0.0000000e+00   5.8290650e+02   5.6375035e+02
   7.0000000e+02   4.0000000e+02   0.0000000e+00   5.8615369e+02   6.5085263e+02
   0.0000000e+00   3.0000000e+02   0.0000000e+00   4.7045431e+02   3.7879080e+01
   1.0000000e+02   3.0000000e+02   0.0000000e+00   4.7396913e+02   1.2257764e+02
   2.0000000e+02   3.0000000e+02   0.0000000e+00   4.7747411e+02   2.0946102e+02
   3.0000000e+02   3.0000000e+02   0.0000000e+00   4.8118783e+02   2.9833059e+02
   4.0000000e+02   3.0000000e+02   0.0000000e+00   4.8514930e+02   3.8819699e+02
   5.0000000e+02   3.0000000e+02   0.0000000e+00   4.8933152e+02   4.7803297e+02
   6.0000000e+02   3.0000000e+02   0.0000000e+00   4.9330692e+02   5.6705259e+02
   7.0000000e+02   3.0000000e+02   0.0000000e+00   4.9728029e+02   6.5390545e+02
   0.0000000e+00   2.0000000e+02   0.0000000e+00   3.8370481e+02   4.4296249e+01
   1.0000000e+02   2.0000000e+02   0.0000000e+00   3.8610557e+02   1.2861811e+02
   2.0000000e+02   2.0000000e+02   0.0000000e+00   3.8868599e+02   2.1479222e+02
   3.0000000e+02   2.0000000e+02   0.0000000e+00   3.9211786e+02   3.0308220e+02
   4.0000000e+02   2.0000000e+02   0.0000000e+00   3.9590207e+02   3.9217415e+02
   5.0000000e+02   2.0000000e+02   0.0000000e+00   4.0025571e+02   4.8149645e+02
   6.0000000e+02   2.0000000e+02   0.0000000e+00   4.0490808e+02   5.6957671e+02
   7.0000000e+02   2.0000000e+02   0.0000000e+00   4.0998591e+02   6.5581433e+02
   0.0000000e+00   1.0000000e+02   0.0000000e+00   2.9834778e+02   5.1503170e+01
   1.0000000e+02   1.0000000e+02   0.0000000e+00   3.0040790e+02   1.3533013e+02
   2.0000000e+02   1.0000000e+02   0.0000000e+00   3.0242213e+02   2.2096348e+02
   3.0000000e+02   1.0000000e+02   0.0000000e+00   3.0542178e+02   3.0822529e+02
   4.0000000e+02   1.0000000e+02   0.0000000e+00   3.0891844e+02   3.9626204e+02
   5.0000000e+02   1.0000000e+02   0.0000000e+00   3.1356214e+02   4.8447414e+02
   6.0000000e+02   1.0000000e+02   0.0000000e+00   3.1876081e+02   5.7147960e+02
   7.0000000e+02   1.0000000e+02   0.0000000e+00   3.2432151e+02   6.5661993e+02
   0.0000000e+00   0.0000000e+00   0.0000000e+00   2.1528547e+02   5.9329186e+01
   1.0000000e+02   0.0000000e+00   0.0000000e+00   2.1693444e+02   1.4259681e+02
   2.0000000e+02   0.0000000e+00   0.0000000e+00   2.1851978e+02   2.2741276e+02
   3.0000000e+02   0.0000000e+00   0.0000000e+00   2.2132619e+02   3.1343385e+02
   4.0000000e+02   0.0000000e+00   0.0000000e+00   2.2471690e+02   4.0060106e+02
   5.0000000e+02   0.0000000e+00   0.0000000e+00   2.2943574e+02   4.8725664e+02
   6.0000000e+02   0.0000000e+00   0.0000000e+00   2.3529503e+02   5.7339830e+02
   7.0000000e+02   0.0000000e+00   0.0000000e+00   2.4121004e+02   6.5753585e+02
