   0.0000000e+00   9.0000000e+02   0.0000000e+00   8.1766874e+02   3.8831388e+01
   1.0000000e+02   9.0000000e+02   0.0000000e+00   8.1789347e+02   1.2726025e+02
   2.0000000e+02   9.0000000e+02   0.0000000e+00   8.1855529e+02   2.1511618e+02
   3.0000000e+02   9.0000000e+02   0.0000000e+00   8.1836798e+02   3.0169544e+02
   4.0000000e+02   9.0000000e+02   0.0000000e+00   8.1614246e+02   3.8728720e+02
   5.0000000e+02   9.0000000e+02   0.0000000e+00   8.1356822e+02   4.7037779e+02
   6.0000000e+02   9.0000000e+02   0.0000000e+00   8.1014758e+02   5.5078566e+02
   7.0000000e+02   9.0000000e+02   0.0000000e+00   8.0632606e+02   6.2755870e+02
   0.0000000e+00   8.0000000e+02   0.0000000e+00   7.3210170e+02   3.7015185e+01
   1.0000000e+02   8.0000000e+02   0.0000000e+00   7.3378394e+02   1.2589100e+02
   2.0000000e+02   8.0000000e+02   0.0000000e+00   7.3434620e+02   2.1481765e+02
   3.0000000e+02   8.0000000e+02   0.0000000e+00   7.3497204e+02   3.0291294e+02
   4.0000000e+02   8.0000000e+02   0.0000000e+00   7.3405130e+02   3.8951232e+02
   5.0000000e+02   8.0000000e+02   0.0000000e+00   7.3292630e+02   4.7396627e+02
   6.0000000e+02   8.0000000e+02   0.0000000e+00   7.3105616e+02   5.5546646e+02
   7.0000000e+02   8.0000000e+02   0.0000000e+00   7.2829128e+02   6.3251676e+02
   0.0000000e+00   7.0000000e+02   0.0000000e+00   6.4430435e+02   3.5566219e+01
   1.0000000e+02   7.0000000e+02   0.0000000e+00   6.4626782e+02   1.2545780e+02
   2.0000000e+02   7.0000000e+02   0.0000000e+00   6.4776102e+02   2.1516216e+02
   3.0000000e+02   7.0000000e+02   0.0000000e+00   6.4877159e+02   3.0434195e+02
   4.0000000e+02   7.0000000e+02   0.0000000e+00   6.4948007e+02   3.9203114e+02
   5.0000000e+02   7.0000000e+02   0.0000000e+00   6.4961668e+02   4.7747955e+02
   6.0000000e+02   7.0000000e+02   0.0000000e+00   6.4890189e+02   5.5935879e+02
   7.0000000e+02   7.0000000e+02   0.0000000e+00   6.4805742e+02   6.3732822e+02
   0.0000000e+00   6.0000000e+02   0.0000000e+00   5.5535163e+02   3.5419782e+01
   1.0000000e+02   6.0000000e+02   0.0000000e+00   5.5744702e+02   1.2594276e+02
   2.0000000e+02   6.0000000e+02   0.0000000e+00   5.5936751e+02   2.1638470e+02
   3.0000000e+02   6.0000000e+02   0.0000000e+00   5.6121402e+02   3.0621827e+02
   4.0000000e+02   6.0000000e+02   0.0000000e+00   5.6284313e+02   3.9464434e+02
   5.0000000e+02   6.0000000e+02   0.0000000e+00   5.6431153e+02   4.8059835e+02
   6.0000000e+02   6.0000000e+02   0.0000000e+00   5.6539010e+02   5.6314178e+02
   7.0000000e+02   6.0000000e+02   0.0000000e+00   5.6648428e+02   6.4157163e+02
   0.0000000e+00   5.0000000e+02   0.0000000e+00   4.6380249e+02   3.6535650e+01
   1.0000000e+02   5.0000000e+02   0.0000000e+00   4.6629815e+02   1.2752339e+02
   2.0000000e+02   5.0000000e+02   0.0000000e+00   4.6879570e+02   2.1843717e+02
   3.0000000e+02   5.0000000e+02   0.0000000e+00   4.7155520e+02   3.0868151e+02
   4.0000000e+02   5.0000000e+02   0.0000000e+00   4.7430121e+02   3.9748165e+02
   5.0000000e+02   5.0000000e+02   0.0000000e+00   4.7737155e+02   4.8371106e+02
   6.0000000e+02   5.0000000e+02   0.0000000e+00   4.8029378e+02   5.6659390e+02
   7.0000000e+02   5.0000000e+02   0.0000000e+00   4.8307318e+02   6.4534890e+02
   0.0000000e+00   4.0000000e+02   0.0000000e+00   3.7247816e+02   3.8760037e+01
   1.0000000e+02   4.0000000e+02   0.0000000e+00   3.7533200e+02   1.3017207e+02
   2.0000000e+02   4.0000000e+02   0.0000000e+00   3.7836177e+02   2.2123141e+02
   3.0000000e+02   4.0000000e+02   0.0000000e+00   3.8188900e+02   3.1154517e+02
   4.0000000e+02   4.0000000e+02   0.0000000e+00   3.8598728e+02   4.0036463e+02
   5.0000000e+02   4.0000000e+02   0.0000000e+00   3.9036690e+02   4.8656072e+02
   6.0000000e+02   4.0000000e+02   0.0000000e+00   3.9510481e+02   5.6959402e+02
   7.0000000e+02   4.0000000e+02   0.0000000e+00   3.9988199e+02   6.4848167e+02
   0.0000000e+00   3.0000000e+02   0.0000000e+00   2.8136444e+02   4.2642621e+01
   1.0000000e+02   3.0000000e+02   0.0000000e+00   2.8475587e+02   1.3378165e+02
   2.0000000e+02   3.0000000e+02   0.0000000e+00   2.8843005e+02   2.2486897e+02
   3.0000000e+02   3.0000000e+02   0.0000000e+00   2.9283385e+02   3.1492291e+02
   4.0000000e+02   3.0000000e+02   0.0000000e+00   2.9818151e+02   4.0335926e+02
   5.0000000e+02   3.0000000e+02   0.0000000e+00   3.0405747e+02   4.8937396e+02
   6.0000000e+02   3.0000000e+02   0.0000000e+00   3.1030211e+02   5.7194595e+02
   7.0000000e+02   3.0000000e+02   0.0000000e+00   3.1666308e+02   6.5097901e+02
   0.0000000e+00   2.0000000e+02   0.0000000e+00   1.9134433e+02   4.6910927e+01
   1.0000000e+02   2.0000000e+02   0.0000000e+00   1.9554101e+02   1.3845082e+02
   2.0000000e+02   2.0000000e+02   0.0000000e+00   2.0010821e+02   2.2906109e+02
   3.0000000e+02   2.0000000e+02   0.0000000e+00   2.0549126e+02   3.1851449e+02
   4.0000000e+02   2.0000000e+02   0.0000000e+00   2.1180438e+02   4.0636374e+02
   5.0000000e+02   2.0000000e+02   0.0000000e+00   2.1904932e+02   4.9176334e+02
   6.0000000e+02   2.0000000e+02   0.0000000e+00   2.2682594e+02   5.7383393e+02
   7.0000000e+02   2.0000000e+02   0.0000000e+00   2.3504822e+02   6.5247208e+02
   0.0000000e+00   1.0000000e+02   0.0000000e+00   1.0206405e+02   5.1585624e+01
   1.0000000e+02   1.0000000e+02   0.0000000e+00   1.0794891e+02   1.4341507e+02
   2.0000000e+02   1.0000000e+02   0.0000000e+00   1.1363919e+02   2.3350247e+02
   3.0000000e+02   1.0000000e+02   0.0000000e+00   1.2022441e+02   3.2233443e+02
   4.0000000e+02   1.0000000e+02   0.0000000e+00   1.2761671e+02   4.0952149e+02
   5.0000000e+02   1.0000000e+02   0.0000000e+00   1.3620842e+02   4.9398216e+02
   6.0000000e+02   1.0000000e+02   0.0000000e+00   1.4545536e+02   5.7557101e+02
   7.0000000e+02   1.0000000e+02   0.0000000e+00   1.5487351e+02   6.5332735e+02
   0.0000000e+00   0.0000000e+00   0.0000000e+00   1.2966500e+01   5.5601478e+01
   1.0000000e+02   0.0000000e+00   0.0000000e+00   2.1085891e+01   1.4786544e+02
   2.0000000e+02   0.0000000e+00   0.0000000e+00   2.8449775e+01   2.3789264e+02
   3.0000000e+02   0.0000000e+00   0.0000000e+00   3.6440185e+01   3.2609598e+02
   4.0000000e+02   0.0000000e+00   0.0000000e+00   4.5034352e+01   4.1257365e+02
   5.0000000e+02   0.0000000e+00   0.0000000e+00   5.4690273e+01   4.9633736e+02
   6.0000000e+02   0.0000000e+00   0.0000000e+00   6.5475832e+01   5.7727666e+02
   7.0000000e+02   0.0000000e+00   0.0000000e+00   7.6137640e+01   6.5509161e+02
