   0.0000000e+00   6.0000000e+02   0.0000000e+00   8.0674239e+02   1.5577443e+02
   1.0000000e+02   6.0000000e+02   0.0000000e+00   7.8632971e+02   2.2972594e+02
   2.0000000e+02   6.0000000e+02   0.0000000e+00   7.6620369e+02   3.0383897e+02
   3.0000000e+02   6.0000000e+02   0.0000000e+00   7.4610356e+02   3.7713819e+02
   4.0000000e+02   6.0000000e+02   0.0000000e+00   7.2418862e+02   4.4905282e+02
   5.0000000e+02   6.0000000e+02   0.0000000e+00   7.0276124e+02   5.1923829e+02
   6.0000000e+02   6.0000000e+02   0.0000000e+00   6.8146842e+02   5.8747729e+02
   7.0000000e+02   6.0000000e+02   0.0000000e+00   6.6074725e+02   6.5275050e+02
   0.0000000e+00   5.0000000e+02   0.0000000e+00   7.4503505e+02   1.3077007e+02
   1.0000000e+02   5.0000000e+02   0.0000000e+00   7.2455990e+02   2.0776579e+02
   2.0000000e+02   5.0000000e+02   0.0000000e+00   7.0327948e+02   2.8447378e+02
   3.0000000e+02   5.0000000e+02   0.0000000e+00   6.8266560e+02   3.6063761e+02
   4.0000000e+02   5.0000000e+02   0.0000000e+00   6.6097942e+02   4.3559236e+02
   5.0000000e+02   5.0000000e+02   0.0000000e+00   6.3985055e+02   5.0892028e+02
   6.0000000e+02   5.0000000e+02   0.0000000e+00   6.1876635e+02   5.7974989e+02
   7.0000000e+02   5.0000000e+02   0.0000000e+00   5.9787822e+02   6.4697931e+02
   0.0000000e+00   4.0000000e+02   0.0000000e+00   6.7789833e+02   1.0446010e+02
   1.0000000e+02   4.0000000e+02   0.0000000e+00   6.5691978e+02   1.8438270e+02
   2.0000000e+02   4.0000000e+02   0.0000000e+00   6.3553348e+02   2.6406213e+02
   3.0000000e+02   4.0000000e+02   0.0000000e+00   6.1407905e+02   3.4332359e+02
   4.0000000e+02   4.0000000e+02   0.0000000e+00   5.9273040e+02   4.2133535e+02
   5.0000000e+02   4.0000000e+02   0.0000000e+00   5.7165165e+02   4.9744632e+02
   6.0000000e+02   4.0000000e+02   0.0000000e+00   5.5074832e+02   5.7059172e+02
   7.0000000e+02   4.0000000e+02   0.0000000e+00   5.3056154e+02   6.4069976e+02
   0.0000000e+00   3.0000000e+02   0.0000000e+00   6.0405275e+02   8.4391672e+01
   1.0000000e+02   3.0000000e+02   0.0000000e+00   5.8237433e+02   1.6709732e+02
   2.0000000e+02   3.0000000e+02   0.0000000e+00   5.5855542e+02   2.4852450e+02
   3.0000000e+02   3.0000000e+02   0.0000000e+00   5.4071871e+02   3.2505758e+02
   4.0000000e+02   3.0000000e+02   0.0000000e+00   5.1945380e+02   4.0604595e+02
   5.0000000e+02   3.0000000e+02   0.0000000e+00   4.9866711e+02   4.8496364e+02
   6.0000000e+02   3.0000000e+02   0.0000000e+00   4.7839729e+02   5.6082678e+02
   7.0000000e+02   3.0000000e+02   0.0000000e+00   4.5939376e+02   6.3357171e+02
   0.0000000e+00   2.0000000e+02   0.0000000e+00   5.2544247e+02   5.8367120e+01
   1.0000000e+02   2.0000000e+02   0.0000000e+00   5.0284930e+02   1.4358959e+02
   2.0000000e+02   2.0000000e+02   0.0000000e+00   4.8116429e+02   2.2824822e+02
   3.0000000e+02   2.0000000e+02   0.0000000e+00   4.5891711e+02   3.1152174e+02
   4.0000000e+02   2.0000000e+02   0.0000000e+00   4.4024859e+02   3.8952186e+02
   5.0000000e+02   2.0000000e+02   0.0000000e+00   4.2006107e+02   4.7140561e+02
   6.0000000e+02   2.0000000e+02   0.0000000e+00   4.0088554e+02   5.5010050e+02
   7.0000000e+02   2.0000000e+02   0.0000000e+00   3.8270798e+02   6.2505293e+02
   0.0000000e+00   1.0000000e+02   0.0000000e+00   4.4126637e+02   3.1401781e+01
   1.0000000e+02   1.0000000e+02   0.0000000e+00   4.1865747e+02   1.1940778e+02
   2.0000000e+02   1.0000000e+02   0.0000000e+00   3.9636958e+02   2.0648687e+02
   3.0000000e+02   1.0000000e+02   0.0000000e+00   3.7549184e+02   2.9258920e+02
   4.0000000e+02   1.0000000e+02   0.0000000e+00   3.5646951e+02   3.7712651e+02
   5.0000000e+02   1.0000000e+02   0.0000000e+00   3.3728861e+02   4.5679434e+02
   6.0000000e+02   1.0000000e+02   0.0000000e+00   3.1917914e+02   5.3816658e+02
   7.0000000e+02   1.0000000e+02   0.0000000e+00   3.0237140e+02   6.1590779e+02
   0.0000000e+00   0.0000000e+00   0.0000000e+00   3.5090510e+02   3.1375886e+00
   1.0000000e+02   0.0000000e+00   0.0000000e+00   3.2873410e+02   9.4237600e+01
   2.0000000e+02   0.0000000e+00   0.0000000e+00   3.0707374e+02   1.8408548e+02
   3.0000000e+02   0.0000000e+00   0.0000000e+00   2.8609616e+02   2.7255006e+02
   4.0000000e+02   0.0000000e+00   0.0000000e+00   2.7024082e+02   3.5999975e+02
   5.0000000e+02   0.0000000e+00   0.0000000e+00   2.4978891e+02   4.4133031e+02
   6.0000000e+02   0.0000000e+00   0.0000000e+00   2.3294923e+02   5.2531237e+02
   7.0000000e+02   0.0000000e+00   0.0000000e+00   2.1738357e+02   6.0535301e+02
