   0.0000000e+00   5.0000000e+02   0.0000000e+00   4.4561158e+02   6.8260634e+00
   1.0000000e+02   5.0000000e+02   0.0000000e+00   4.6619367e+02   9.7263880e+01
   2.0000000e+02   5.0000000e+02   0.0000000e+00   4.8625522e+02   1.8941292e+02
   3.0000000e+02   5.0000000e+02   0.0000000e+00   5.0641148e+02   2.8147626e+02
   4.0000000e+02   5.0000000e+02   0.0000000e+00   5.2634300e+02   3.7251597e+02
   5.0000000e+02   5.0000000e+02   0.0000000e+00   5.4551047e+02   4.6146494e+02
   6.0000000e+02   5.0000000e+02   0.0000000e+00   5.6423331e+02   5.4708665e+02
   7.0000000e+02   5.0000000e+02   0.0000000e+00   5.8184341e+02   6.2845098e+02
   0.0000000e+00   4.0000000e+02   0.0000000e+00   3.5704680e+02   3.1145159e+01
   1.0000000e+02   4.0000000e+02   0.0000000e+00   3.7740881e+02   1.2128099e+02
   2.0000000e+02   4.0000000e+02   0.0000000e+00   3.9742282e+02   2.1132132e+02
   3.0000000e+02   4.0000000e+02   0.0000000e+00   4.1778752e+02   3.0139091e+02
   4.0000000e+02   4.0000000e+02   0.0000000e+00   4.3822295e+02   3.9023500e+02
   5.0000000e+02   4.0000000e+02   0.0000000e+00   4.5848120e+02   4.7704022e+02
   6.0000000e+02   4.0000000e+02   0.0000000e+00   4.7828137e+02   5.6046757e+02
   7.0000000e+02   4.0000000e+02   0.0000000e+00   4.9728204e+02   6.4017569e+02
   0.0000000e+00   3.0000000e+02   0.0000000e+00   2.7343922e+02   5.6713668e+01
   1.0000000e+02   3.0000000e+02   0.0000000e+00   2.9346525e+02   1.4497421e+02
   2.0000000e+02   3.0000000e+02   0.0000000e+00   3.1351953e+02   2.3311843e+02
   3.0000000e+02   3.0000000e+02   0.0000000e+00   3.3402828e+02   3.2063024e+02
   4.0000000e+02   3.0000000e+02   0.0000000e+00   3.5490881e+02   4.0728617e+02
   5.0000000e+02   3.0000000e+02   0.0000000e+00   3.7578572e+02   4.9156813e+02
   6.0000000e+02   3.0000000e+02   0.0000000e+00   3.9675305e+02   5.7291222e+02
   7.0000000e+02   3.0000000e+02   0.0000000e+00   4.1704784e+02   6.5060460e+02
   0.0000000e+00   2.0000000e+02   0.0000000e+00   1.9419682e+02   8.2523602e+01
   1.0000000e+02   2.0000000e+02   0.0000000e+00   2.1426410e+02   1.6843834e+02
   2.0000000e+02   2.0000000e+02   0.0000000e+00   2.3441023e+02   2.5429616e+02
   3.0000000e+02   2.0000000e+02   0.0000000e+00   2.5510896e+02   3.3936668e+02
   4.0000000e+02   2.0000000e+02   0.0000000e+00   2.7620237e+02   4.2335393e+02
   5.0000000e+02   2.0000000e+02   0.0000000e+00   2.9769728e+02   5.0515166e+02
   6.0000000e+02   2.0000000e+02   0.0000000e+00   3.1916082e+02   5.8424572e+02
   7.0000000e+02   2.0000000e+02   0.0000000e+00   3.4024179e+02   6.5993761e+02
   0.0000000e+00   1.0000000e+02   0.0000000e+00   1.1975498e+02   1.0734335e+02
   1.0000000e+02   1.0000000e+02   0.0000000e+00   1.4005032e+02   1.9139041e+02
   2.0000000e+02   1.0000000e+02   0.0000000e+00   1.6007777e+02   2.7468071e+02
   3.0000000e+02   1.0000000e+02   0.0000000e+00   1.8112959e+02   3.5728179e+02
   4.0000000e+02   1.0000000e+02   0.0000000e+00   2.0244416e+02   4.3860181e+02
   5.0000000e+02   1.0000000e+02   0.0000000e+00   2.2427609e+02   5.1807257e+02
   6.0000000e+02   1.0000000e+02   0.0000000e+00   2.4632136e+02   5.9461640e+02
   7.0000000e+02   1.0000000e+02   0.0000000e+00   2.6832932e+02   6.6843113e+02
   0.0000000e+00   0.0000000e+00   0.0000000e+00   4.9129313e+01   1.3105205e+02
   1.0000000e+02   0.0000000e+00   0.0000000e+00   7.0393064e+01   2.1303646e+02
   2.0000000e+02   0.0000000e+00   0.0000000e+00   9.0912404e+01   2.9420210e+02
   3.0000000e+02   0.0000000e+00   0.0000000e+00   1.1204114e+02   3.7419050e+02
   4.0000000e+02   0.0000000e+00   0.0000000e+00   1.3342325e+02   4.5291008e+02
   5.0000000e+02   0.0000000e+00   0.0000000e+00   1.5551680e+02   5.2976950e+02
   6.0000000e+02   0.0000000e+00   0.0000000e+00   1.7807756e+02   6.0412266e+02
   7.0000000e+02   0.0000000e+00   0.0000000e+00   2.0023413e+02   6.7540658e+02
