   0.0000000e+00   6.0000000e+02   0.0000000e+00   4.9282199e+02   1.7384450e+01
   1.0000000e+02   6.0000000e+02   0.0000000e+00   5.0842954e+02   9.7335462e+01
   2.0000000e+02   6.0000000e+02   0.0000000e+00   5.2432915e+02   1.8034873e+02
   3.0000000e+02   6.0000000e+02   0.0000000e+00   5.4063166e+02   2.6638205e+02
   4.0000000e+02   6.0000000e+02   0.0000000e+00   5.5742901e+02   3.5483670e+02
   5.0000000e+02   6.0000000e+02   0.0000000e+00   5.7414687e+02   4.4461508e+02
   6.0000000e+02   6.0000000e+02   0.0000000e+00   5.9060957e+02   5.3439971e+02
   7.0000000e+02   6.0000000e+02   0.0000000e+00   6.0692432e+02   6.2338736e+02
   0.0000000e+00   5.0000000e+02   0.0000000e+00   4.1282735e+02   4.2770737e+01
   1.0000000e+02   5.0000000e+02   0.0000000e+00   4.2691628e+02   1.2138531e+02
   2.0000000e+02   5.0000000e+02   0.0000000e+00   4.4144606e+02   2.0261909e+02
   3.0000000e+02   5.0000000e+02   0.0000000e+00   4.5648521e+02   2.8662144e+02
   4.0000000e+02   5.0000000e+02   0.0000000e+00   4.7214627e+02   3.7281037e+02
   5.0000000e+02   5.0000000e+02   0.0000000e+00   4.8810791e+02   4.6013032e+02
   6.0000000e+02   5.0000000e+02   0.0000000e+00   5.0422960e+02   5.4747318e+02
   7.0000000e+02   5.0000000e+02   0.0000000e+00   5.2029154e+02   6.3396244e+02
   0.0000000e+00   4.0000000e+02   0.0000000e+00   3.3793108e+02   6.7660233e+01
   1.0000000e+02   4.0000000e+02   0.0000000e+00   3.5046677e+02   1.4469303e+02
   2.0000000e+02   4.0000000e+02   0.0000000e+00   3.6359258e+02   2.2421889e+02
   3.0000000e+02   4.0000000e+02   0.0000000e+00   3.7748213e+02   3.0623144e+02
   4.0000000e+02   4.0000000e+02   0.0000000e+00   3.9210842e+02   3.8995651e+02
   5.0000000e+02   4.0000000e+02   0.0000000e+00   4.0728665e+02   4.7466172e+02
   6.0000000e+02   4.0000000e+02   0.0000000e+00   4.2301137e+02   5.5951383e+02
   7.0000000e+02   4.0000000e+02   0.0000000e+00   4.3894756e+02   6.4341043e+02
   0.0000000e+00   3.0000000e+02   0.0000000e+00   2.6729305e+02   9.2716721e+01
   1.0000000e+02   3.0000000e+02   0.0000000e+00   2.7857072e+02   1.6772895e+02
   2.0000000e+02   3.0000000e+02   0.0000000e+00   2.9056953e+02   2.4525955e+02
   3.0000000e+02   3.0000000e+02   0.0000000e+00   3.0352214e+02   3.2478109e+02
   4.0000000e+02   3.0000000e+02   0.0000000e+00   3.1719931e+02   4.0597147e+02
   5.0000000e+02   3.0000000e+02   0.0000000e+00   3.3165564e+02   4.8823008e+02
   6.0000000e+02   3.0000000e+02   0.0000000e+00   3.4691467e+02   5.7023824e+02
   7.0000000e+02   3.0000000e+02   0.0000000e+00   3.6219209e+02   6.5146556e+02
   0.0000000e+00   2.0000000e+02   0.0000000e+00   2.0120195e+02   1.1617207e+02
   1.0000000e+02   2.0000000e+02   0.0000000e+00   2.1162219e+02   1.8985460e+02
   2.0000000e+02   2.0000000e+02   0.0000000e+00   2.2254595e+02   2.6536827e+02
   3.0000000e+02   2.0000000e+02   0.0000000e+00   2.3466539e+02   3.4264564e+02
   4.0000000e+02   2.0000000e+02   0.0000000e+00   2.4760752e+02   4.2116503e+02
   5.0000000e+02   2.0000000e+02   0.0000000e+00   2.6146247e+02   5.0048030e+02
   6.0000000e+02   2.0000000e+02   0.0000000e+00   2.7608117e+02   5.7981712e+02
   7.0000000e+02   2.0000000e+02   0.0000000e+00   2.9134729e+02   6.5872902e+02
   0.0000000e+00   1.0000000e+02   0.0000000e+00   1.3913482e+02   1.3927094e+02
   1.0000000e+02   1.0000000e+02   0.0000000e+00   1.4931045e+02   2.1089478e+02
   2.0000000e+02   1.0000000e+02   0.0000000e+00   1.5965447e+02   2.8424314e+02
   3.0000000e+02   1.0000000e+02   0.0000000e+00   1.7087284e+02   3.5926360e+02
   4.0000000e+02   1.0000000e+02   0.0000000e+00   1.8305271e+02   4.3531551e+02
   5.0000000e+02   1.0000000e+02   0.0000000e+00   1.9622065e+02   5.1203486e+02
   6.0000000e+02   1.0000000e+02   0.0000000e+00   2.1048321e+02   5.8859653e+02
   7.0000000e+02   1.0000000e+02   0.0000000e+00   2.2512563e+02   6.6461273e+02
   0.0000000e+00   0.0000000e+00   0.0000000e+00   8.1085798e+01   1.6044948e+02
   1.0000000e+02   0.0000000e+00   0.0000000e+00   9.0869214e+01   2.3063541e+02
   2.0000000e+02   0.0000000e+00   0.0000000e+00   1.0061320e+02   3.0225270e+02
   3.0000000e+02   0.0000000e+00   0.0000000e+00   1.1142949e+02   3.7462279e+02
   4.0000000e+02   0.0000000e+00   0.0000000e+00   1.2307124e+02   4.4861093e+02
   5.0000000e+02   0.0000000e+00   0.0000000e+00   1.3597391e+02   5.2279639e+02
   6.0000000e+02   0.0000000e+00   0.0000000e+00   1.4977364e+02   5.9681738e+02
   7.0000000e+02   0.0000000e+00   0.0000000e+00   1.6350609e+02   6.7059200e+02
