   0.0000000e+00   8.0000000e+02   0.0000000e+00   9.6543794e+02   4.9582136e+01
   1.0000000e+02   8.0000000e+02   0.0000000e+00   9.6378067e+02   1.3554524e+02
   2.0000000e+02   8.0000000e+02   0.0000000e+00   9.6133777e+02   2.2222826e+02
   3.0000000e+02   8.0000000e+02   0.0000000e+00   9.5905091e+02   3.0887157e+02
   4.0000000e+02   8.0000000e+02   0.0000000e+00   9.5459868e+02   3.9574731e+02
   5.0000000e+02   8.0000000e+02   0.0000000e+00   9.4983324e+02   4.8219062e+02
   6.0000000e+02   8.0000000e+02   0.0000000e+00   9.4380433e+02   5.6742754e+02
   7.0000000e+02   8.0000000e+02   0.0000000e+00   9.3644001e+02   6.4996889e+02
   0.0000000e+00   7.0000000e+02   0.0000000e+00   8.8103804e+02   4.4221211e+01
   1.0000000e+02   7.0000000e+02   0.0000000e+00   8.7979725e+02   1.3013505e+02
   2.0000000e+02   7.0000000e+02   0.0000000e+00   8.7795572e+02   2.1711590e+02
   3.0000000e+02   7.0000000e+02   0.0000000e+00   8.7547289e+02   3.0471100e+02
   4.0000000e+02   7.0000000e+02   0.0000000e+00   8.7192413e+02   3.9254134e+02
   5.0000000e+02   7.0000000e+02   0.0000000e+00   8.6767273e+02   4.8009781e+02
   6.0000000e+02   7.0000000e+02   0.0000000e+00   8.6161448e+02   5.6580204e+02
   7.0000000e+02   7.0000000e+02   0.0000000e+00   8.5471265e+02   6.4952684e+02
   0.0000000e+00   6.0000000e+02   0.0000000e+00   7.9594656e+02   3.8789959e+01
   1.0000000e+02   6.0000000e+02   0.0000000e+00   7.9475913e+02   1.2491131e+02
   2.0000000e+02   6.0000000e+02   0.0000000e+00   7.9311382e+02   2.1227120e+02
   3.0000000e+02   6.0000000e+02   0.0000000e+00   7.9056785e+02   3.0061264e+02
   4.0000000e+02   6.0000000e+02   0.0000000e+00   7.8742201e+02   3.8943976e+02
   5.0000000e+02   6.0000000e+02   0.0000000e+00   7.8324215e+02   4.7775764e+02
   6.0000000e+02   6.0000000e+02   0.0000000e+00   7.7787716e+02   5.6438604e+02
   7.0000000e+02   6.0000000e+02   0.0000000e+00   7.7215590e+02   6.4864280e+02
   0.0000000e+00   5.0000000e+02   0.0000000e+00   7.0876834e+02   3.3572786e+01
   1.0000000e+02   5.0000000e+02   0.0000000e+00   7.0737798e+02   1.1994612e+02
   2.0000000e+02   5.0000000e+02   0.0000000e+00   7.0546171e+02   2.0773492e+02
   3.0000000e+02   5.0000000e+02   0.0000000e+00   7.0286452e+02   2.9678786e+02
   4.0000000e+02   5.0000000e+02   0.0000000e+00   6.9976350e+02   3.8627266e+02
   5.0000000e+02   5.0000000e+02   0.0000000e+00   6.9614980e+02   4.7523033e+02
   6.0000000e+02   5.0000000e+02   0.0000000e+00   6.9167376e+02   5.6260316e+02
   7.0000000e+02   5.0000000e+02   0.0000000e+00   6.8658207e+02   6.4760521e+02
   0.0000000e+00   4.0000000e+02   0.0000000e+00   6.2088376e+02   2.9470606e+01
   1.0000000e+02   4.0000000e+02   0.0000000e+00   6.1863821e+02   1.1581357e+02
   2.0000000e+02   4.0000000e+02   0.0000000e+00   6.1635103e+02   2.0381265e+02
   3.0000000e+02   4.0000000e+02   0.0000000e+00   6.1373475e+02   2.9329075e+02
   4.0000000e+02   4.0000000e+02   0.0000000e+00   6.1095729e+02   3.8319218e+02
   5.0000000e+02   4.0000000e+02   0.0000000e+00   6.0766458e+02   4.7251637e+02
   6.0000000e+02   4.0000000e+02   0.0000000e+00   6.0407297e+02   5.6049641e+02
   7.0000000e+02   4.0000000e+02   0.0000000e+00   6.0035436e+02   6.4559410e+02
   0.0000000e+00   3.0000000e+02   0.0000000e+00   5.3174745e+02   2.6538725e+01
   1.0000000e+02   3.0000000e+02   0.0000000e+00   5.2930809e+02   1.1292902e+02
   2.0000000e+02   3.0000000e+02   0.0000000e+00   5.2642638e+02   2.0093351e+02
   3.0000000e+02   3.0000000e+02   0.0000000e+00   5.2366260e+02   2.9031584e+02
   4.0000000e+02   3.0000000e+02   0.0000000e+00   5.2092011e+02   3.8032607e+02
   5.0000000e+02   3.0000000e+02   0.0000000e+00   5.1825566e+02   4.6980747e+02
   6.0000000e+02   3.0000000e+02   0.0000000e+00   5.1545437e+02   5.5766128e+02
   7.0000000e+02   3.0000000e+02   0.0000000e+00   5.1267064e+02   6.4320094e+02
   0.0000000e+00   2.0000000e+02   0.0000000e+00   4.4312188e+02   2.5122268e+01
   1.0000000e+02   2.0000000e+02   0.0000000e+00   4.3987431e+02   1.1104094e+02
   2.0000000e+02   2.0000000e+02   0.0000000e+00   4.3654961e+02   1.9868408e+02
   3.0000000e+02   2.0000000e+02   0.0000000e+00   4.3372248e+02   2.8793782e+02
   4.0000000e+02   2.0000000e+02   0.0000000e+00   4.3114577e+02   3.7764721e+02
   5.0000000e+02   2.0000000e+02   0.0000000e+00   4.2900887e+02   4.6679565e+02
   6.0000000e+02   2.0000000e+02   0.0000000e+00   4.2719158e+02   5.5435170e+02
   7.0000000e+02   2.0000000e+02   0.0000000e+00   4.2587098e+02   6.3960089e+02
   0.0000000e+00   1.0000000e+02   0.0000000e+00   3.5550211e+02   2.4290904e+01
   1.0000000e+02   1.0000000e+02   0.0000000e+00   3.5191731e+02   1.1025785e+02
   2.0000000e+02   1.0000000e+02   0.0000000e+00   3.4819259e+02   1.9741659e+02
   3.0000000e+02   1.0000000e+02   0.0000000e+00   3.4520980e+02   2.8594655e+02
   4.0000000e+02   1.0000000e+02   0.0000000e+00   3.4276592e+02   3.7512502e+02
   5.0000000e+02   1.0000000e+02   0.0000000e+00   3.4120142e+02   4.6370645e+02
   6.0000000e+02   1.0000000e+02   0.0000000e+00   3.4034866e+02   5.5054907e+02
   7.0000000e+02   1.0000000e+02   0.0000000e+00   3.3973815e+02   6.3520639e+02
   0.0000000e+00   0.0000000e+00   0.0000000e+00   2.6925655e+02   2.4451694e+01
   1.0000000e+02   0.0000000e+00   0.0000000e+00   2.6549448e+02   1.1007228e+02
   2.0000000e+02   0.0000000e+00   0.0000000e+00   2.6152230e+02   1.9698227e+02
   3.0000000e+02   0.0000000e+00   0.0000000e+00   2.5854856e+02   2.8458653e+02
   4.0000000e+02   0.0000000e+00   0.0000000e+00   2.5630698e+02   3.7295309e+02
   5.0000000e+02   0.0000000e+00   0.0000000e+00   2.5527281e+02   4.6041521e+02
   6.0000000e+02   0.0000000e+00   0.0000000e+00   2.5532002e+02   5.4672814e+02
   7.0000000e+02   0.0000000e+00   0.0000000e+00   2.5568716e+02   6.3074311e+02
