   0.0000000e+00   8.0000000e+02   0.0000000e+00   7.4620416e+02   2.0964097e+02
   1.0000000e+02   8.0000000e+02   0.0000000e+00   7.4204250e+02   2.6038333e+02
   2.0000000e+02   8.0000000e+02   0.0000000e+00   7.3824779e+02   3.1543610e+02
   3.0000000e+02   8.0000000e+02   0.0000000e+00   7.3413331e+02   3.7329443e+02
   4.0000000e+02   8.0000000e+02   0.0000000e+00   7.2772886e+02   4.3750840e+02
   5.0000000e+02   8.0000000e+02   0.0000000e+00   7.2120899e+02   5.0480757e+02
   6.0000000e+02   8.0000000e+02   0.0000000e+00   7.1367163e+02   5.7710688e+02
   7.0000000e+02   8.0000000e+02   0.0000000e+00   7.0522638e+02   6.5335782e+02
   0.0000000e+00   7.0000000e+02   0.0000000e+00   6.9216249e+02   1.8527369e+02
   1.0000000e+02   7.0000000e+02   0.0000000e+00   6.8652112e+02   2.3603559e+02
   2.0000000e+02   7.0000000e+02   0.0000000e+00   6.7972474e+02   2.9167251e+02
   3.0000000e+02   7.0000000e+02   0.0000000e+00   6.7340583e+02   3.5068147e+02
   4.0000000e+02   7.0000000e+02   0.0000000e+00   6.6526697e+02   4.1518770e+02
   5.0000000e+02   7.0000000e+02   0.0000000e+00   6.5658685e+02   4.8382994e+02
   6.0000000e+02   7.0000000e+02   0.0000000e+00   6.4689454e+02   5.5756999e+02
   7.0000000e+02   7.0000000e+02   0.0000000e+00   6.3546602e+02   6.3587122e+02
   0.0000000e+00   6.0000000e+02   0.0000000e+00   6.3542111e+02   1.5997407e+02
   1.0000000e+02   6.0000000e+02   0.0000000e+00   6.2747740e+02   2.1133437e+02
   2.0000000e+02   6.0000000e+02   0.0000000e+00   6.1872989e+02   2.6688432e+02
   3.0000000e+02   6.0000000e+02   0.0000000e+00   6.0907653e+02   3.2705360e+02
   4.0000000e+02   6.0000000e+02   0.0000000e+00   5.9894610e+02   3.9177678e+02
   5.0000000e+02   6.0000000e+02   0.0000000e+00   5.8763328e+02   4.6165753e+02
   6.0000000e+02   6.0000000e+02   0.0000000e+00   5.7518623e+02   5.3683545e+02
   7.0000000e+02   6.0000000e+02   0.0000000e+00   5.6107074e+02   6.1660367e+02
   0.0000000e+00   5.0000000e+02   0.0000000e+00   5.7692243e+02   1.3422095e+02
   1.0000000e+02   5.0000000e+02   0.0000000e+00   5.6603219e+02   1.8604345e+02
   2.0000000e+02   5.0000000e+02   0.0000000e+00   5.5470238e+02   2.4159398e+02
   3.0000000e+02   5.0000000e+02   0.0000000e+00   5.4235407e+02   3.0208110e+02
   4.0000000e+02   5.0000000e+02   0.0000000e+00   5.2926059e+02   3.6767431e+02
   5.0000000e+02   5.0000000e+02   0.0000000e+00   5.1523146e+02   4.3838069e+02
   6.0000000e+02   5.0000000e+02   0.0000000e+00   4.9975406e+02   5.1447395e+02
   7.0000000e+02   5.0000000e+02   0.0000000e+00   4.8326461e+02   5.9588031e+02
   0.0000000e+00   4.0000000e+02   0.0000000e+00   5.1496471e+02   1.0785713e+02
   1.0000000e+02   4.0000000e+02   0.0000000e+00   5.0170366e+02   1.5970533e+02
   2.0000000e+02   4.0000000e+02   0.0000000e+00   4.8747564e+02   2.1563114e+02
   3.0000000e+02   4.0000000e+02   0.0000000e+00   4.7226642e+02   2.7626873e+02
   4.0000000e+02   4.0000000e+02   0.0000000e+00   4.5591280e+02   3.4213173e+02
   5.0000000e+02   4.0000000e+02   0.0000000e+00   4.3855725e+02   4.1346750e+02
   6.0000000e+02   4.0000000e+02   0.0000000e+00   4.2011587e+02   4.9060387e+02
   7.0000000e+02   4.0000000e+02   0.0000000e+00   4.0020165e+02   5.7307964e+02
   0.0000000e+00   3.0000000e+02   0.0000000e+00   4.5177145e+02   8.1620863e+01
   1.0000000e+02   3.0000000e+02   0.0000000e+00   4.3555660e+02   1.3314440e+02
   2.0000000e+02   3.0000000e+02   0.0000000e+00   4.1819792e+02   1.8924510e+02
   3.0000000e+02   3.0000000e+02   0.0000000e+00   3.9970787e+02   2.5008110e+02
   4.0000000e+02   3.0000000e+02   0.0000000e+00   3.8024200e+02   3.1606383e+02
   5.0000000e+02   3.0000000e+02   0.0000000e+00   3.5937494e+02   3.8786203e+02
   6.0000000e+02   3.0000000e+02   0.0000000e+00   3.3748555e+02   4.6542498e+02
   7.0000000e+02   3.0000000e+02   0.0000000e+00   3.1447078e+02   5.4873385e+02
   0.0000000e+00   2.0000000e+02   0.0000000e+00   3.8607588e+02   5.5513552e+01
   1.0000000e+02   2.0000000e+02   0.0000000e+00   3.6718314e+02   1.0640170e+02
   2.0000000e+02   2.0000000e+02   0.0000000e+00   3.4680182e+02   1.6237918e+02
   3.0000000e+02   2.0000000e+02   0.0000000e+00   3.2504575e+02   2.2325429e+02
   4.0000000e+02   2.0000000e+02   0.0000000e+00   3.0210864e+02   2.8936594e+02
   5.0000000e+02   2.0000000e+02   0.0000000e+00   2.7768552e+02   3.6127552e+02
   6.0000000e+02   2.0000000e+02   0.0000000e+00   2.5234123e+02   4.3904884e+02
   7.0000000e+02   2.0000000e+02   0.0000000e+00   2.2554647e+02   5.2295386e+02
   0.0000000e+00   1.0000000e+02   0.0000000e+00   3.1903984e+02   2.8531261e+01
   1.0000000e+02   1.0000000e+02   0.0000000e+00   2.9718380e+02   7.9852828e+01
   2.0000000e+02   1.0000000e+02   0.0000000e+00   2.7352396e+02   1.3519779e+02
   3.0000000e+02   1.0000000e+02   0.0000000e+00   2.4858867e+02   1.9627257e+02
   4.0000000e+02   1.0000000e+02   0.0000000e+00   2.2218383e+02   2.6210515e+02
   5.0000000e+02   1.0000000e+02   0.0000000e+00   1.9444481e+02   3.3404855e+02
   6.0000000e+02   1.0000000e+02   0.0000000e+00   1.6528910e+02   4.1196935e+02
   7.0000000e+02   1.0000000e+02   0.0000000e+00   1.3503554e+02   4.9609798e+02
   0.0000000e+00   0.0000000e+00   0.0000000e+00   2.4903912e+02   3.1376387e+00
   1.0000000e+02   0.0000000e+00   0.0000000e+00   2.2546260e+02   5.2863495e+01
   2.0000000e+02   0.0000000e+00   0.0000000e+00   1.9909983e+02   1.0820887e+02
   3.0000000e+02   0.0000000e+00   0.0000000e+00   1.7084086e+02   1.6860693e+02
   4.0000000e+02   0.0000000e+00   0.0000000e+00   1.4103555e+02   2.3464546e+02
   5.0000000e+02   0.0000000e+00   0.0000000e+00   1.0962736e+02   3.0623836e+02
   6.0000000e+02   0.0000000e+00   0.0000000e+00   7.6803621e+01   3.8421822e+02
   7.0000000e+02   0.0000000e+00   0.0000000e+00   4.2385462e+01   4.6805571e+02
