   0.0000000e+00   4.0000000e+02   0.0000000e+00   6.0141391e+02   7.7641953e+00
   1.0000000e+02   4.0000000e+02   0.0000000e+00   6.0454188e+02   9.9369834e+01
   2.0000000e+02   4.0000000e+02   0.0000000e+00   6.0764264e+02   1.9233836e+02
   3.0000000e+02   4.0000000e+02   0.0000000e+00   6.1039063e+02   2.8615436e+02
   4.0000000e+02   4.0000000e+02   0.0000000e+00   6.1293177e+02   3.8029174e+02
   5.0000000e+02   4.0000000e+02   0.0000000e+00   6.1488407e+02   4.7324428e+02
   6.0000000e+02   4.0000000e+02   0.0000000e+00   6.1646864e+02   5.6379730e+02
   7.0000000e+02   4.0000000e+02   0.0000000e+00   6.1763243e+02   6.5122343e+02
   0.0000000e+00   3.0000000e+02   0.0000000e+00   5.0960924e+02   1.7198817e+01
   1.0000000e+02   3.0000000e+02   0.0000000e+00   5.1249613e+02   1.0684465e+02
   2.0000000e+02   3.0000000e+02   0.0000000e+00   5.1523998e+02   1.9798048e+02
   3.0000000e+02   3.0000000e+02   0.0000000e+00   5.1812320e+02   2.8998845e+02
   4.0000000e+02   3.0000000e+02   0.0000000e+00   5.2090130e+02   3.8219020e+02
   5.0000000e+02   3.0000000e+02   0.0000000e+00   5.2370256e+02   4.7337266e+02
   6.0000000e+02   3.0000000e+02   0.0000000e+00   5.2633788e+02   5.6236103e+02
   7.0000000e+02   3.0000000e+02   0.0000000e+00   5.2869429e+02   6.4825780e+02
   0.0000000e+00   2.0000000e+02   0.0000000e+00   4.2198023e+02   2.7391085e+01
   1.0000000e+02   2.0000000e+02   0.0000000e+00   4.2428334e+02   1.1524088e+02
   2.0000000e+02   2.0000000e+02   0.0000000e+00   4.2667152e+02   2.0427458e+02
   3.0000000e+02   2.0000000e+02   0.0000000e+00   4.2962309e+02   2.9421471e+02
   4.0000000e+02   2.0000000e+02   0.0000000e+00   4.3286222e+02   3.8427068e+02
   5.0000000e+02   2.0000000e+02   0.0000000e+00   4.3625497e+02   4.7324865e+02
   6.0000000e+02   2.0000000e+02   0.0000000e+00   4.4000374e+02   5.6019211e+02
   7.0000000e+02   2.0000000e+02   0.0000000e+00   4.4395558e+02   6.4435969e+02
   0.0000000e+00   1.0000000e+02   0.0000000e+00   3.3825327e+02   3.7913568e+01
   1.0000000e+02   1.0000000e+02   0.0000000e+00   3.4070064e+02   1.2399375e+02
   2.0000000e+02   1.0000000e+02   0.0000000e+00   3.4287691e+02   2.1105119e+02
   3.0000000e+02   1.0000000e+02   0.0000000e+00   3.4585910e+02   2.9866518e+02
   4.0000000e+02   1.0000000e+02   0.0000000e+00   3.4937769e+02   3.8635833e+02
   5.0000000e+02   1.0000000e+02   0.0000000e+00   3.5353155e+02   4.7313599e+02
   6.0000000e+02   1.0000000e+02   0.0000000e+00   3.5814710e+02   5.5771838e+02
   7.0000000e+02   1.0000000e+02   0.0000000e+00   3.6292955e+02   6.3975275e+02
   0.0000000e+00   0.0000000e+00   0.0000000e+00   2.5925291e+02   4.8938520e+01
   1.0000000e+02   0.0000000e+00   0.0000000e+00   2.6175947e+02   1.3296259e+02
   2.0000000e+02   0.0000000e+00   0.0000000e+00   2.6406635e+02   2.1787571e+02
   3.0000000e+02   0.0000000e+00   0.0000000e+00   2.6683480e+02   3.0311128e+02
   4.0000000e+02   0.0000000e+00   0.0000000e+00   2.7050615e+02   3.8863586e+02
   5.0000000e+02   0.0000000e+00   0.0000000e+00   2.7542988e+02   4.7285198e+02
   6.0000000e+02   0.0000000e+00   0.0000000e+00   2.8088467e+02   5.5536372e+02
   7.0000000e+02   0.0000000e+00   0.0000000e+00   2.8629391e+02   6.3533705e+02
