   0.0000000e+00   7.0000000e+02   0.0000000e+00   4.4095997e+02   2.1513585e+01
   1.0000000e+02   7.0000000e+02   0.0000000e+00   4.6327647e+02   8.0051733e+01
   2.0000000e+02   7.0000000e+02   0.0000000e+00   4.8730723e+02   1.4273739e+02
   3.0000000e+02   7.0000000e+02   0.0000000e+00   5.1263830e+02   2.0972898e+02
   4.0000000e+02   7.0000000e+02   0.0000000e+00   5.3951294e+02   2.8098151e+02
   5.0000000e+02   7.0000000e+02   0.0000000e+00   5.6763271e+02   3.5655853e+02
   6.0000000e+02   7.0000000e+02   0.0000000e+00   5.9744182e+02   4.3621515e+02
   7.0000000e+02   7.0000000e+02   0.0000000e+00   6.2785862e+02   5.1883069e+02
   0.0000000e+00   6.0000000e+02   0.0000000e+00   3.8030155e+02   5.9539189e+01
   1.0000000e+02   6.0000000e+02   0.0000000e+00   4.0060916e+02   1.1783126e+02
   2.0000000e+02   6.0000000e+02   0.0000000e+00   4.2195633e+02   1.7989639e+02
   3.0000000e+02   6.0000000e+02   0.0000000e+00   4.4496119e+02   2.4599593e+02
   4.0000000e+02   6.0000000e+02   0.0000000e+00   4.6926767e+02   3.1614615e+02
   5.0000000e+02   6.0000000e+02   0.0000000e+00   4.9501572e+02   3.9037771e+02
   6.0000000e+02   6.0000000e+02   0.0000000e+00   5.2206941e+02   4.6795362e+02
   7.0000000e+02   6.0000000e+02   0.0000000e+00   5.5023845e+02   5.4855279e+02
   0.0000000e+00   5.0000000e+02   0.0000000e+00   3.2273359e+02   9.6475910e+01
   1.0000000e+02   5.0000000e+02   0.0000000e+00   3.4105775e+02   1.5431341e+02
   2.0000000e+02   5.0000000e+02   0.0000000e+00   3.6029059e+02   2.1568871e+02
   3.0000000e+02   5.0000000e+02   0.0000000e+00   3.8090609e+02   2.8073826e+02
   4.0000000e+02   5.0000000e+02   0.0000000e+00   4.0286586e+02   3.4971590e+02
   5.0000000e+02   5.0000000e+02   0.0000000e+00   4.2628274e+02   4.2221281e+02
   6.0000000e+02   5.0000000e+02   0.0000000e+00   4.5105072e+02   4.9778603e+02
   7.0000000e+02   5.0000000e+02   0.0000000e+00   4.7670273e+02   5.7612388e+02
   0.0000000e+00   4.0000000e+02   0.0000000e+00   2.6916569e+02   1.3145482e+02
   1.0000000e+02   4.0000000e+02   0.0000000e+00   2.8551489e+02   1.8900156e+02
   2.0000000e+02   4.0000000e+02   0.0000000e+00   3.0280792e+02   2.4977710e+02
   3.0000000e+02   4.0000000e+02   0.0000000e+00   3.2142238e+02   3.1367274e+02
   4.0000000e+02   4.0000000e+02   0.0000000e+00   3.4142034e+02   3.8129417e+02
   5.0000000e+02   4.0000000e+02   0.0000000e+00   3.6276234e+02   4.5184873e+02
   6.0000000e+02   4.0000000e+02   0.0000000e+00   3.8537795e+02   5.2532362e+02
   7.0000000e+02   4.0000000e+02   0.0000000e+00   4.0932013e+02   6.0117229e+02
   0.0000000e+00   3.0000000e+02   0.0000000e+00   2.1877034e+02   1.6595249e+02
   1.0000000e+02   3.0000000e+02   0.0000000e+00   2.3357047e+02   2.2224694e+02
   2.0000000e+02   3.0000000e+02   0.0000000e+00   2.4929342e+02   2.8196503e+02
   3.0000000e+02   3.0000000e+02   0.0000000e+00   2.6616133e+02   3.4472514e+02
   4.0000000e+02   3.0000000e+02   0.0000000e+00   2.8439479e+02   4.1064899e+02
   5.0000000e+02   3.0000000e+02   0.0000000e+00   3.0363021e+02   4.7941736e+02
   6.0000000e+02   3.0000000e+02   0.0000000e+00   3.2453140e+02   5.5064946e+02
   7.0000000e+02   3.0000000e+02   0.0000000e+00   3.4599610e+02   6.2413139e+02
   0.0000000e+00   2.0000000e+02   0.0000000e+00   1.7187267e+02   1.9782574e+02
   1.0000000e+02   2.0000000e+02   0.0000000e+00   1.8533634e+02   2.5376854e+02
   2.0000000e+02   2.0000000e+02   0.0000000e+00   1.9937754e+02   3.1228334e+02
   3.0000000e+02   2.0000000e+02   0.0000000e+00   2.1504224e+02   3.7396868e+02
   4.0000000e+02   2.0000000e+02   0.0000000e+00   2.3142917e+02   4.3806877e+02
   5.0000000e+02   2.0000000e+02   0.0000000e+00   2.4928648e+02   5.0496406e+02
   6.0000000e+02   2.0000000e+02   0.0000000e+00   2.6831894e+02   5.7383887e+02
   7.0000000e+02   2.0000000e+02   0.0000000e+00   2.8844018e+02   6.4485946e+02
   0.0000000e+00   1.0000000e+02   0.0000000e+00   1.2757211e+02   2.2864436e+02
   1.0000000e+02   1.0000000e+02   0.0000000e+00   1.4023651e+02   2.8350341e+02
   2.0000000e+02   1.0000000e+02   0.0000000e+00   1.5332185e+02   3.4091470e+02
   3.0000000e+02   1.0000000e+02   0.0000000e+00   1.6749990e+02   4.0104617e+02
   4.0000000e+02   1.0000000e+02   0.0000000e+00   1.8250757e+02   4.6366623e+02
   5.0000000e+02   1.0000000e+02   0.0000000e+00   1.9891435e+02   5.2850012e+02
   6.0000000e+02   1.0000000e+02   0.0000000e+00   2.1661795e+02   5.9537499e+02
   7.0000000e+02   1.0000000e+02   0.0000000e+00   2.3494411e+02   6.6405207e+02
   0.0000000e+00   0.0000000e+00   0.0000000e+00   8.6184790e+01   2.5755677e+02
   1.0000000e+02   0.0000000e+00   0.0000000e+00   9.8376528e+01   3.1116531e+02
   2.0000000e+02   0.0000000e+00   0.0000000e+00   1.1006658e+02   3.6786138e+02
   3.0000000e+02   0.0000000e+00   0.0000000e+00   1.2329755e+02   4.2633564e+02
   4.0000000e+02   0.0000000e+00   0.0000000e+00   1.3702592e+02   4.8744837e+02
   5.0000000e+02   0.0000000e+00   0.0000000e+00   1.5240056e+02   5.5033578e+02
   6.0000000e+02   0.0000000e+00   0.0000000e+00   1.6885902e+02   6.1528369e+02
   7.0000000e+02   0.0000000e+00   0.0000000e+00   1.8571149e+02   6.8192241e+02
