   0.0000000e+00   6.0000000e+02   0.0000000e+00   4.4704793e+02   8.3937007e+00
   1.0000000e+02   6.0000000e+02   0.0000000e+00   4.6861181e+02   9.1683665e+01
   2.0000000e+02   6.0000000e+02   0.0000000e+00   4.9023121e+02   1.7691191e+02
   3.0000000e+02   6.0000000e+02   0.0000000e+00   5.1250024e+02   2.6388558e+02
   4.0000000e+02   6.0000000e+02   0.0000000e+00   5.3466124e+02   3.5222916e+02
   5.0000000e+02   6.0000000e+02   0.0000000e+00   5.5723171e+02   4.4088307e+02
   6.0000000e+02   6.0000000e+02   0.0000000e+00   5.7840677e+02   5.2524817e+02
   7.0000000e+02   6.0000000e+02   0.0000000e+00   6.0154703e+02   6.1762184e+02
   0.0000000e+00   5.0000000e+02   0.0000000e+00   3.6935811e+02   4.1460157e+01
   1.0000000e+02   5.0000000e+02   0.0000000e+00   3.8894268e+02   1.2232199e+02
   2.0000000e+02   5.0000000e+02   0.0000000e+00   4.0908245e+02   2.0486032e+02
   3.0000000e+02   5.0000000e+02   0.0000000e+00   4.2946140e+02   2.8908633e+02
   4.0000000e+02   5.0000000e+02   0.0000000e+00   4.5072306e+02   3.7428853e+02
   5.0000000e+02   5.0000000e+02   0.0000000e+00   4.7199339e+02   4.5989173e+02
   6.0000000e+02   5.0000000e+02   0.0000000e+00   4.9282898e+02   5.4198180e+02
   7.0000000e+02   5.0000000e+02   0.0000000e+00   5.1533435e+02   6.3048864e+02
   0.0000000e+00   4.0000000e+02   0.0000000e+00   2.9829063e+02   7.2621176e+01
   1.0000000e+02   4.0000000e+02   0.0000000e+00   3.1659003e+02   1.5099450e+02
   2.0000000e+02   4.0000000e+02   0.0000000e+00   3.3502248e+02   2.3100260e+02
   3.0000000e+02   4.0000000e+02   0.0000000e+00   3.5438435e+02   3.1230481e+02
   4.0000000e+02   4.0000000e+02   0.0000000e+00   3.7410466e+02   3.9456201e+02
   5.0000000e+02   4.0000000e+02   0.0000000e+00   3.9313351e+02   4.7107619e+02
   6.0000000e+02   4.0000000e+02   0.0000000e+00   4.1495499e+02   5.5683801e+02
   7.0000000e+02   4.0000000e+02   0.0000000e+00   4.3702808e+02   6.4162855e+02
   0.0000000e+00   3.0000000e+02   0.0000000e+00   2.3364161e+02   1.0182449e+02
   1.0000000e+02   3.0000000e+02   0.0000000e+00   2.5035022e+02   1.7795000e+02
   2.0000000e+02   3.0000000e+02   0.0000000e+00   2.6768085e+02   2.5530927e+02
   3.0000000e+02   3.0000000e+02   0.0000000e+00   2.8567494e+02   3.3390518e+02
   4.0000000e+02   3.0000000e+02   0.0000000e+00   3.0868583e+02   4.1200688e+02
   5.0000000e+02   3.0000000e+02   0.0000000e+00   3.2819544e+02   4.9128224e+02
   6.0000000e+02   3.0000000e+02   0.0000000e+00   3.4390469e+02   5.7005528e+02
   7.0000000e+02   3.0000000e+02   0.0000000e+00   3.6483113e+02   6.5134640e+02
   0.0000000e+00   2.0000000e+02   0.0000000e+00   1.7435154e+02   1.2923978e+02
   1.0000000e+02   2.0000000e+02   0.0000000e+00   1.9025637e+02   2.0308011e+02
   2.0000000e+02   2.0000000e+02   0.0000000e+00   2.0627777e+02   2.7799145e+02
   3.0000000e+02   2.0000000e+02   0.0000000e+00   2.2690675e+02   3.5286717e+02
   4.0000000e+02   2.0000000e+02   0.0000000e+00   2.4023646e+02   4.2512825e+02
   5.0000000e+02   2.0000000e+02   0.0000000e+00   2.5943758e+02   5.0356968e+02
   6.0000000e+02   2.0000000e+02   0.0000000e+00   2.7948433e+02   5.8190163e+02
   7.0000000e+02   2.0000000e+02   0.0000000e+00   3.0006389e+02   6.5961484e+02
   0.0000000e+00   1.0000000e+02   0.0000000e+00   1.1907996e+02   1.5084050e+02
   1.0000000e+02   1.0000000e+02   0.0000000e+00   1.3450476e+02   2.2173376e+02
   2.0000000e+02   1.0000000e+02   0.0000000e+00   1.4977197e+02   2.9412439e+02
   3.0000000e+02   1.0000000e+02   0.0000000e+00   1.6633261e+02   3.6773445e+02
   4.0000000e+02   1.0000000e+02   0.0000000e+00   1.8341143e+02   4.4256728e+02
   5.0000000e+02   1.0000000e+02   0.0000000e+00   2.0176461e+02   5.1759581e+02
   6.0000000e+02   1.0000000e+02   0.0000000e+00   2.2103567e+02   5.9256033e+02
   7.0000000e+02   1.0000000e+02   0.0000000e+00   2.4045275e+02   6.6660924e+02
   0.0000000e+00   0.0000000e+00   0.0000000e+00   6.9921567e+01   1.7776150e+02
   1.0000000e+02   0.0000000e+00   0.0000000e+00   8.5062554e+01   2.4617068e+02
   2.0000000e+02   0.0000000e+00   0.0000000e+00   9.9680277e+01   3.1601488e+02
   3.0000000e+02   0.0000000e+00   0.0000000e+00   1.1529456e+02   3.8676718e+02
   4.0000000e+02   0.0000000e+00   0.0000000e+00   1.3166806e+02   4.5873938e+02
   5.0000000e+02   0.0000000e+00   0.0000000e+00   1.4928221e+02   5.3042701e+02
   6.0000000e+02   0.0000000e+00   0.0000000e+00   1.6795977e+02   6.0233723e+02
   7.0000000e+02   0.0000000e+00   0.0000000e+00   1.8646317e+02   6.7365497e+02
