   0.0000000e+00   8.0000000e+02   0.0000000e+00   8.8013145e+02   9.4239163e+01
   1.0000000e+02   8.0000000e+02   0.0000000e+00   8.9237341e+02   1.5739724e+02
   2.0000000e+02   8.0000000e+02   0.0000000e+00   9.0431829e+02   2.2581187e+02
   3.0000000e+02   8.0000000e+02   0.0000000e+00   9.1727792e+02   2.9823152e+02
   4.0000000e+02   8.0000000e+02   0.0000000e+00   9.2955226e+02   3.7657748e+02
   5.0000000e+02   8.0000000e+02   0.0000000e+00   9.4182551e+02   4.5933014e+02
   6.0000000e+02   8.0000000e+02   0.0000000e+00   9.5363631e+02   5.4700089e+02
   7.0000000e+02   8.0000000e+02   0.0000000e+00   9.6470580e+02   6.3935837e+02
   0.0000000e+00   7.0000000e+02   0.0000000e+00   8.0390814e+02   9.9665631e+01
   1.0000000e+02   7.0000000e+02   0.0000000e+00   8.1366764e+02   1.6264269e+02
   2.0000000e+02   7.0000000e+02   0.0000000e+00   8.2378141e+02   2.3053817e+02
   3.0000000e+02   7.0000000e+02   0.0000000e+00   8.3369330e+02   3.0334575e+02
   4.0000000e+02   7.0000000e+02   0.0000000e+00   8.4380243e+02   3.8107004e+02
   5.0000000e+02   7.0000000e+02   0.0000000e+00   8.5363765e+02   4.6357132e+02
   6.0000000e+02   7.0000000e+02   0.0000000e+00   8.6256518e+02   5.5117433e+02
   7.0000000e+02   7.0000000e+02   0.0000000e+00   8.7084340e+02   6.4287938e+02
   0.0000000e+00   6.0000000e+02   0.0000000e+00   7.2931128e+02   1.0523932e+02
   1.0000000e+02   6.0000000e+02   0.0000000e+00   7.3630972e+02   1.6825349e+02
   2.0000000e+02   6.0000000e+02   0.0000000e+00   7.4375754e+02   2.3556338e+02
   3.0000000e+02   6.0000000e+02   0.0000000e+00   7.5134034e+02   3.0814431e+02
   4.0000000e+02   6.0000000e+02   0.0000000e+00   7.5866822e+02   3.8560323e+02
   5.0000000e+02   6.0000000e+02   0.0000000e+00   7.6589049e+02   4.6804405e+02
   6.0000000e+02   6.0000000e+02   0.0000000e+00   7.7243107e+02   5.5510454e+02
   7.0000000e+02   6.0000000e+02   0.0000000e+00   7.7860874e+02   6.4588191e+02
   0.0000000e+00   5.0000000e+02   0.0000000e+00   6.5384362e+02   1.1112557e+02
   1.0000000e+02   5.0000000e+02   0.0000000e+00   6.5892093e+02   1.7378510e+02
   2.0000000e+02   5.0000000e+02   0.0000000e+00   6.6372062e+02   2.4106239e+02
   3.0000000e+02   5.0000000e+02   0.0000000e+00   6.6857942e+02   3.1317657e+02
   4.0000000e+02   5.0000000e+02   0.0000000e+00   6.7341491e+02   3.9025261e+02
   5.0000000e+02   5.0000000e+02   0.0000000e+00   6.7791953e+02   4.7214843e+02
   6.0000000e+02   5.0000000e+02   0.0000000e+00   6.8231076e+02   5.5851041e+02
   7.0000000e+02   5.0000000e+02   0.0000000e+00   6.8594131e+02   6.4882786e+02
   0.0000000e+00   4.0000000e+02   0.0000000e+00   5.8054260e+02   1.1774379e+02
   1.0000000e+02   4.0000000e+02   0.0000000e+00   5.8269066e+02   1.7999729e+02
   2.0000000e+02   4.0000000e+02   0.0000000e+00   5.8512061e+02   2.4681263e+02
   3.0000000e+02   4.0000000e+02   0.0000000e+00   5.8733978e+02   3.1843696e+02
   4.0000000e+02   4.0000000e+02   0.0000000e+00   5.8950888e+02   3.9483556e+02
   5.0000000e+02   4.0000000e+02   0.0000000e+00   5.9172847e+02   4.7596047e+02
   6.0000000e+02   4.0000000e+02   0.0000000e+00   5.9368781e+02   5.6146741e+02
   7.0000000e+02   4.0000000e+02   0.0000000e+00   5.9558618e+02   6.5039382e+02
   0.0000000e+00   3.0000000e+02   0.0000000e+00   5.0814291e+02   1.2522717e+02
   1.0000000e+02   3.0000000e+02   0.0000000e+00   5.0791908e+02   1.8680648e+02
   2.0000000e+02   3.0000000e+02   0.0000000e+00   5.0762503e+02   2.5298854e+02
   3.0000000e+02   3.0000000e+02   0.0000000e+00   5.0751195e+02   3.2399046e+02
   4.0000000e+02   3.0000000e+02   0.0000000e+00   5.0739864e+02   3.9959025e+02
   5.0000000e+02   3.0000000e+02   0.0000000e+00   5.0719587e+02   4.7960940e+02
   6.0000000e+02   3.0000000e+02   0.0000000e+00   5.0691427e+02   5.6372341e+02
   7.0000000e+02   3.0000000e+02   0.0000000e+00   5.0651787e+02   6.5137099e+02
   0.0000000e+00   2.0000000e+02   0.0000000e+00   4.3775174e+02   1.3317704e+02
   1.0000000e+02   2.0000000e+02   0.0000000e+00   4.3532792e+02   1.9421973e+02
   2.0000000e+02   2.0000000e+02   0.0000000e+00   4.3247962e+02   2.5960071e+02
   3.0000000e+02   2.0000000e+02   0.0000000e+00   4.3018896e+02   3.2969218e+02
   4.0000000e+02   2.0000000e+02   0.0000000e+00   4.2760649e+02   4.0415217e+02
   5.0000000e+02   2.0000000e+02   0.0000000e+00   4.2531750e+02   4.8279058e+02
   6.0000000e+02   2.0000000e+02   0.0000000e+00   4.2307524e+02   5.6548803e+02
   7.0000000e+02   2.0000000e+02   0.0000000e+00   4.2114901e+02   6.5136741e+02
   0.0000000e+00   1.0000000e+02   0.0000000e+00   3.6947430e+02   1.4107499e+02
   1.0000000e+02   1.0000000e+02   0.0000000e+00   3.6515510e+02   2.0180889e+02
   2.0000000e+02   1.0000000e+02   0.0000000e+00   3.6035731e+02   2.6624961e+02
   3.0000000e+02   1.0000000e+02   0.0000000e+00   3.5580016e+02   3.3532565e+02
   4.0000000e+02   1.0000000e+02   0.0000000e+00   3.5122347e+02   4.0839460e+02
   5.0000000e+02   1.0000000e+02   0.0000000e+00   3.4703537e+02   4.8574362e+02
   6.0000000e+02   1.0000000e+02   0.0000000e+00   3.4326800e+02   5.6660981e+02
   7.0000000e+02   1.0000000e+02   0.0000000e+00   3.3944431e+02   6.5073954e+02
   0.0000000e+00   0.0000000e+00   0.0000000e+00   3.0375242e+02   1.4920824e+02
   1.0000000e+02   0.0000000e+00   0.0000000e+00   2.9795400e+02   2.0932397e+02
   2.0000000e+02   0.0000000e+00   0.0000000e+00   2.9107011e+02   2.7317188e+02
   3.0000000e+02   0.0000000e+00   0.0000000e+00   2.8451879e+02   3.4069920e+02
   4.0000000e+02   0.0000000e+00   0.0000000e+00   2.7834730e+02   4.1270034e+02
   5.0000000e+02   0.0000000e+00   0.0000000e+00   2.7251780e+02   4.8833942e+02
   6.0000000e+02   0.0000000e+00   0.0000000e+00   2.6697733e+02   5.6771355e+02
   7.0000000e+02   0.0000000e+00   0.0000000e+00   2.6168806e+02   6.4983961e+02
