   0.0000000e+00   9.0000000e+02   0.0000000e+00   6.8972534e+02   1.5342249e+02
   1.0000000e+02   9.0000000e+02   0.0000000e+00   6.9450166e+02   2.1341115e+02
   2.0000000e+02   9.0000000e+02   0.0000000e+00   7.0001987e+02   2.7552123e+02
   3.0000000e+02   9.0000000e+02   0.0000000e+00   7.0563015e+02   3.3896805e+02
   4.0000000e+02   9.0000000e+02   0.0000000e+00   7.0931097e+02   4.0490454e+02
   5.0000000e+02   9.0000000e+02   0.0000000e+00   7.1334527e+02   4.7116931e+02
   6.0000000e+02   9.0000000e+02   0.0000000e+00   7.1709413e+02   5.3863889e+02
   7.0000000e+02   9.0000000e+02   0.0000000e+00   7.2011257e+02   6.0594799e+02
   0.0000000e+00   8.0000000e+02   0.0000000e+00   6.3942876e+02   1.4153781e+02
   1.0000000e+02   8.0000000e+02   0.0000000e+00   6.4416247e+02   2.0355780e+02
   2.0000000e+02   8.0000000e+02   0.0000000e+00   6.4815617e+02   2.6819526e+02
   3.0000000e+02   8.0000000e+02   0.0000000e+00   6.5331210e+02   3.3443071e+02
   4.0000000e+02   8.0000000e+02   0.0000000e+00   6.5704846e+02   4.0286702e+02
   5.0000000e+02   8.0000000e+02   0.0000000e+00   6.6127656e+02   4.7233150e+02
   6.0000000e+02   8.0000000e+02   0.0000000e+00   6.6500596e+02   5.4261198e+02
   7.0000000e+02   8.0000000e+02   0.0000000e+00   6.6756295e+02   6.1301833e+02
   0.0000000e+00   7.0000000e+02   0.0000000e+00   5.8423634e+02   1.2890796e+02
   1.0000000e+02   7.0000000e+02   0.0000000e+00   5.8834374e+02   1.9330417e+02
   2.0000000e+02   7.0000000e+02   0.0000000e+00   5.9232505e+02   2.6043482e+02
   3.0000000e+02   7.0000000e+02   0.0000000e+00   5.9607662e+02   3.2969305e+02
   4.0000000e+02   7.0000000e+02   0.0000000e+00   5.9991429e+02   4.0072648e+02
   5.0000000e+02   7.0000000e+02   0.0000000e+00   6.0394447e+02   4.7331865e+02
   6.0000000e+02   7.0000000e+02   0.0000000e+00   6.0694427e+02   5.4680186e+02
   7.0000000e+02   7.0000000e+02   0.0000000e+00   6.0963601e+02   6.2038085e+02
   0.0000000e+00   6.0000000e+02   0.0000000e+00   5.2564812e+02   1.1571926e+02
   1.0000000e+02   6.0000000e+02   0.0000000e+00   5.2838077e+02   1.8271141e+02
   2.0000000e+02   6.0000000e+02   0.0000000e+00   5.3150002e+02   2.5229069e+02
   3.0000000e+02   6.0000000e+02   0.0000000e+00   5.3457727e+02   3.2440278e+02
   4.0000000e+02   6.0000000e+02   0.0000000e+00   5.3805397e+02   3.9854284e+02
   5.0000000e+02   6.0000000e+02   0.0000000e+00   5.4141550e+02   4.7440113e+02
   6.0000000e+02   6.0000000e+02   0.0000000e+00   5.4437238e+02   5.5122875e+02
   7.0000000e+02   6.0000000e+02   0.0000000e+00   5.4743334e+02   6.2777844e+02
   0.0000000e+00   5.0000000e+02   0.0000000e+00   4.6114982e+02   1.0195255e+02
   1.0000000e+02   5.0000000e+02   0.0000000e+00   4.6287856e+02   1.7154115e+02
   2.0000000e+02   5.0000000e+02   0.0000000e+00   4.6489353e+02   2.4384692e+02
   3.0000000e+02   5.0000000e+02   0.0000000e+00   4.6727089e+02   3.1888498e+02
   4.0000000e+02   5.0000000e+02   0.0000000e+00   4.6986184e+02   3.9635994e+02
   5.0000000e+02   5.0000000e+02   0.0000000e+00   4.7273313e+02   4.7555391e+02
   6.0000000e+02   5.0000000e+02   0.0000000e+00   4.7570205e+02   5.5561440e+02
   7.0000000e+02   5.0000000e+02   0.0000000e+00   4.7857309e+02   6.3590081e+02
   0.0000000e+00   4.0000000e+02   0.0000000e+00   3.9211208e+02   8.7795628e+01
   1.0000000e+02   4.0000000e+02   0.0000000e+00   3.9231256e+02   1.5998384e+02
   2.0000000e+02   4.0000000e+02   0.0000000e+00   3.9311625e+02   2.3507955e+02
   3.0000000e+02   4.0000000e+02   0.0000000e+00   3.9425670e+02   3.1321491e+02
   4.0000000e+02   4.0000000e+02   0.0000000e+00   3.9619555e+02   3.9387303e+02
   5.0000000e+02   4.0000000e+02   0.0000000e+00   3.9842880e+02   4.7648109e+02
   6.0000000e+02   4.0000000e+02   0.0000000e+00   4.0118167e+02   5.6009637e+02
   7.0000000e+02   4.0000000e+02   0.0000000e+00   4.0436751e+02   6.4382234e+02
   0.0000000e+00   3.0000000e+02   0.0000000e+00   3.1693089e+02   7.3579952e+01
   1.0000000e+02   3.0000000e+02   0.0000000e+00   3.1609614e+02   1.4820109e+02
   2.0000000e+02   3.0000000e+02   0.0000000e+00   3.1554382e+02   2.2621606e+02
   3.0000000e+02   3.0000000e+02   0.0000000e+00   3.1544199e+02   3.0745718e+02
   4.0000000e+02   3.0000000e+02   0.0000000e+00   3.1629988e+02   3.9140374e+02
   5.0000000e+02   3.0000000e+02   0.0000000e+00   3.1783118e+02   4.7739407e+02
   6.0000000e+02   3.0000000e+02   0.0000000e+00   3.2025700e+02   5.6453011e+02
   7.0000000e+02   3.0000000e+02   0.0000000e+00   3.2310375e+02   6.5200473e+02
   0.0000000e+00   2.0000000e+02   0.0000000e+00   2.3663053e+02   5.8598825e+01
   1.0000000e+02   2.0000000e+02   0.0000000e+00   2.3413013e+02   1.3617714e+02
   2.0000000e+02   2.0000000e+02   0.0000000e+00   2.3212718e+02   2.1703884e+02
   3.0000000e+02   2.0000000e+02   0.0000000e+00   2.3051676e+02   3.0147322e+02
   4.0000000e+02   2.0000000e+02   0.0000000e+00   2.3028858e+02   3.8866247e+02
   5.0000000e+02   2.0000000e+02   0.0000000e+00   2.3117922e+02   4.7825332e+02
   6.0000000e+02   2.0000000e+02   0.0000000e+00   2.3309187e+02   5.6893157e+02
   7.0000000e+02   2.0000000e+02   0.0000000e+00   2.3588665e+02   6.6013905e+02
   0.0000000e+00   1.0000000e+02   0.0000000e+00   1.5024067e+02   4.2587385e+01
   1.0000000e+02   1.0000000e+02   0.0000000e+00   1.4630695e+02   1.2348697e+02
   2.0000000e+02   1.0000000e+02   0.0000000e+00   1.4260973e+02   2.0760998e+02
   3.0000000e+02   1.0000000e+02   0.0000000e+00   1.3998752e+02   2.9522110e+02
   4.0000000e+02   1.0000000e+02   0.0000000e+00   1.3845760e+02   3.8585231e+02
   5.0000000e+02   1.0000000e+02   0.0000000e+00   1.3823878e+02   4.7884830e+02
   6.0000000e+02   1.0000000e+02   0.0000000e+00   1.3947921e+02   5.7327259e+02
   7.0000000e+02   1.0000000e+02   0.0000000e+00   1.4143319e+02   6.6830837e+02
   0.0000000e+00   0.0000000e+00   0.0000000e+00   5.5640680e+01   2.4386457e+01
   1.0000000e+02   0.0000000e+00   0.0000000e+00   5.0932756e+01   1.0951132e+02
   2.0000000e+02   0.0000000e+00   0.0000000e+00   4.6182926e+01   1.9747327e+02
   3.0000000e+02   0.0000000e+00   0.0000000e+00   4.2245815e+01   2.8865625e+02
   4.0000000e+02   0.0000000e+00   0.0000000e+00   3.9435393e+01   3.8288448e+02
   5.0000000e+02   0.0000000e+00   0.0000000e+00   3.8057759e+01   4.7967817e+02
   6.0000000e+02   0.0000000e+00   0.0000000e+00   3.8298421e+01   5.7828128e+02
   7.0000000e+02   0.0000000e+00   0.0000000e+00   3.9526468e+01   6.7776170e+02
