   0.0000000e+00   7.0000000e+02   0.0000000e+00   6.8531987e+02   1.0633037e+01
   1.0000000e+02   7.0000000e+02   0.0000000e+00   6.9234625e+02   9.6737369e+01
   2.0000000e+02   7.0000000e+02   0.0000000e+00   6.9941256e+02   1.8601443e+02
   3.0000000e+02   7.0000000e+02   0.0000000e+00   7.0590442e+02   2.7786785e+02
   4.0000000e+02   7.0000000e+02   0.0000000e+00   7.1185575e+02   3.7177349e+02
   5.0000000e+02   7.0000000e+02   0.0000000e+00   7.1680615e+02   4.6648014e+02
   6.0000000e+02   7.0000000e+02   0.0000000e+00   7.2135179e+02   5.6063324e+02
   7.0000000e+02   7.0000000e+02   0.0000000e+00   7.2469561e+02   6.5333952e+02
   0.0000000e+00   6.0000000e+02   0.0000000e+00   6.0021203e+02   3.0277913e+01
   1.0000000e+02   6.0000000e+02   0.0000000e+00   6.0595465e+02   1.1356454e+02
   2.0000000e+02   6.0000000e+02   0.0000000e+00   6.1167815e+02   1.9954523e+02
   3.0000000e+02   6.0000000e+02   0.0000000e+00   6.1739075e+02   2.8818033e+02
   4.0000000e+02   6.0000000e+02   0.0000000e+00   6.2256540e+02   3.7837742e+02
   5.0000000e+02   6.0000000e+02   0.0000000e+00   6.2740777e+02   4.6939158e+02
   6.0000000e+02   6.0000000e+02   0.0000000e+00   6.3203988e+02   5.6000162e+02
   7.0000000e+02   6.0000000e+02   0.0000000e+00   6.3617343e+02   6.4910939e+02
   0.0000000e+00   5.0000000e+02   0.0000000e+00   5.2034979e+02   4.9792613e+01
   1.0000000e+02   5.0000000e+02   0.0000000e+00   5.2519915e+02   1.3005767e+02
   2.0000000e+02   5.0000000e+02   0.0000000e+00   5.2978009e+02   2.1280806e+02
   3.0000000e+02   5.0000000e+02   0.0000000e+00   5.3444671e+02   2.9792591e+02
   4.0000000e+02   5.0000000e+02   0.0000000e+00   5.3926405e+02   3.8472007e+02
   5.0000000e+02   5.0000000e+02   0.0000000e+00   5.4391667e+02   4.7203422e+02
   6.0000000e+02   5.0000000e+02   0.0000000e+00   5.4841962e+02   5.5884226e+02
   7.0000000e+02   5.0000000e+02   0.0000000e+00   5.5265830e+02   6.4450568e+02
   0.0000000e+00   4.0000000e+02   0.0000000e+00   4.4751596e+02   6.8300958e+01
   1.0000000e+02   4.0000000e+02   0.0000000e+00   4.5095714e+02   1.4591950e+02
   2.0000000e+02   4.0000000e+02   0.0000000e+00   4.5458891e+02   2.2561711e+02
   3.0000000e+02   4.0000000e+02   0.0000000e+00   4.5862066e+02   3.0750321e+02
   4.0000000e+02   4.0000000e+02   0.0000000e+00   4.6292803e+02   3.9053409e+02
   5.0000000e+02   4.0000000e+02   0.0000000e+00   4.6732894e+02   4.7427841e+02
   6.0000000e+02   4.0000000e+02   0.0000000e+00   4.7195797e+02   5.5759270e+02
   7.0000000e+02   4.0000000e+02   0.0000000e+00   4.7634780e+02   6.3971015e+02
   0.0000000e+00   3.0000000e+02   0.0000000e+00   3.7987507e+02   8.6680553e+01
   1.0000000e+02   3.0000000e+02   0.0000000e+00   3.8262142e+02   1.6141295e+02
   2.0000000e+02   3.0000000e+02   0.0000000e+00   3.8565048e+02   2.3803970e+02
   3.0000000e+02   3.0000000e+02   0.0000000e+00   3.8907599e+02   3.1634644e+02
   4.0000000e+02   3.0000000e+02   0.0000000e+00   3.9277837e+02   3.9608000e+02
   5.0000000e+02   3.0000000e+02   0.0000000e+00   3.9684311e+02   4.7618760e+02
   6.0000000e+02   3.0000000e+02   0.0000000e+00   4.0146838e+02   5.5595986e+02
   7.0000000e+02   3.0000000e+02   0.0000000e+00   4.0566557e+02   6.3477308e+02
   0.0000000e+00   2.0000000e+02   0.0000000e+00   3.1829320e+02   1.0374154e+02
   1.0000000e+02   2.0000000e+02   0.0000000e+00   3.2018479e+02   1.7602190e+02
   2.0000000e+02   2.0000000e+02   0.0000000e+00   3.2238807e+02   2.4955519e+02
   3.0000000e+02   2.0000000e+02   0.0000000e+00   3.2555964e+02   3.2485256e+02
   4.0000000e+02   2.0000000e+02   0.0000000e+00   3.2875371e+02   4.0117343e+02
   5.0000000e+02   2.0000000e+02   0.0000000e+00   3.3272389e+02   4.7779391e+02
   6.0000000e+02   2.0000000e+02   0.0000000e+00   3.3705901e+02   5.5419209e+02
   7.0000000e+02   2.0000000e+02   0.0000000e+00   3.4167307e+02   6.2975694e+02
   0.0000000e+00   1.0000000e+02   0.0000000e+00   2.6104474e+02   1.2044254e+02
   1.0000000e+02   1.0000000e+02   0.0000000e+00   2.6313216e+02   1.8965969e+02
   2.0000000e+02   1.0000000e+02   0.0000000e+00   2.6490448e+02   2.6057109e+02
   3.0000000e+02   1.0000000e+02   0.0000000e+00   2.6756821e+02   3.3278750e+02
   4.0000000e+02   1.0000000e+02   0.0000000e+00   2.7040859e+02   4.0584334e+02
   5.0000000e+02   1.0000000e+02   0.0000000e+00   2.7423358e+02   4.7929758e+02
   6.0000000e+02   1.0000000e+02   0.0000000e+00   2.7855621e+02   5.5230240e+02
   7.0000000e+02   1.0000000e+02   0.0000000e+00   2.8283436e+02   6.2476845e+02
   0.0000000e+00   0.0000000e+00   0.0000000e+00   2.0881319e+02   1.3539122e+02
   1.0000000e+02   0.0000000e+00   0.0000000e+00   2.1071015e+02   2.0252328e+02
   2.0000000e+02   0.0000000e+00   0.0000000e+00   2.1228182e+02   2.7081574e+02
   3.0000000e+02   0.0000000e+00   0.0000000e+00   2.1440596e+02   3.3994493e+02
   4.0000000e+02   0.0000000e+00   0.0000000e+00   2.1712503e+02   4.1030420e+02
   5.0000000e+02   0.0000000e+00   0.0000000e+00   2.2071646e+02   4.8052810e+02
   6.0000000e+02   0.0000000e+00   0.0000000e+00   2.2502239e+02   5.5071747e+02
   7.0000000e+02   0.0000000e+00   0.0000000e+00   2.2936762e+02   6.2029448e+02
