   0.0000000e+00   8.0000000e+02   0.0000000e+00   9.3615891e+02   1.9998224e+01
   1.0000000e+02   8.0000000e+02   0.0000000e+00   9.3969602e+02   1.0813673e+02
   2.0000000e+02   8.0000000e+02   0.0000000e+00   9.4248385e+02   1.9737072e+02
   3.0000000e+02   8.0000000e+02   0.0000000e+00   9.4538824e+02   2.8655864e+02
   4.0000000e+02   8.0000000e+02   0.0000000e+00   9.4611763e+02   3.7634860e+02
   5.0000000e+02   8.0000000e+02   0.0000000e+00   9.4651368e+02   4.6553413e+02
   6.0000000e+02   8.0000000e+02   0.0000000e+00   9.4545809e+02   5.5361101e+02
   7.0000000e+02   8.0000000e+02   0.0000000e+00   9.4275904e+02   6.3906965e+02
   0.0000000e+00   7.0000000e+02   0.0000000e+00   8.4773795e+02   2.0929659e+01
   1.0000000e+02   7.0000000e+02   0.0000000e+00   8.5165643e+02   1.0869115e+02
   2.0000000e+02   7.0000000e+02   0.0000000e+00   8.5531307e+02   1.9753743e+02
   3.0000000e+02   7.0000000e+02   0.0000000e+00   8.5780405e+02   2.8762901e+02
   4.0000000e+02   7.0000000e+02   0.0000000e+00   8.5951412e+02   3.7793410e+02
   5.0000000e+02   7.0000000e+02   0.0000000e+00   8.6003488e+02   4.6785116e+02
   6.0000000e+02   7.0000000e+02   0.0000000e+00   8.5931878e+02   5.5626925e+02
   7.0000000e+02   7.0000000e+02   0.0000000e+00   8.5738398e+02   6.4230891e+02
   0.0000000e+00   6.0000000e+02   0.0000000e+00   7.5958597e+02   2.1661056e+01
   1.0000000e+02   6.0000000e+02   0.0000000e+00   7.6336435e+02   1.0937171e+02
   2.0000000e+02   6.0000000e+02   0.0000000e+00   7.6669433e+02   1.9850805e+02
   3.0000000e+02   6.0000000e+02   0.0000000e+00   7.6956000e+02   2.8884916e+02
   4.0000000e+02   6.0000000e+02   0.0000000e+00   7.7150760e+02   3.7969021e+02
   5.0000000e+02   6.0000000e+02   0.0000000e+00   7.7242161e+02   4.7023407e+02
   6.0000000e+02   6.0000000e+02   0.0000000e+00   7.7215584e+02   5.5889706e+02
   7.0000000e+02   6.0000000e+02   0.0000000e+00   7.7145077e+02   6.4535727e+02
   0.0000000e+00   5.0000000e+02   0.0000000e+00   6.6951382e+02   2.3034216e+01
   1.0000000e+02   5.0000000e+02   0.0000000e+00   6.7318314e+02   1.1072231e+02
   2.0000000e+02   5.0000000e+02   0.0000000e+00   6.7612152e+02   1.9979256e+02
   3.0000000e+02   5.0000000e+02   0.0000000e+00   6.7889394e+02   2.9044064e+02
   4.0000000e+02   5.0000000e+02   0.0000000e+00   6.8122248e+02   3.8160584e+02
   5.0000000e+02   5.0000000e+02   0.0000000e+00   6.8246333e+02   4.7235541e+02
   6.0000000e+02   5.0000000e+02   0.0000000e+00   6.8320931e+02   5.6152476e+02
   7.0000000e+02   5.0000000e+02   0.0000000e+00   6.8326374e+02   6.4813478e+02
   0.0000000e+00   4.0000000e+02   0.0000000e+00   5.7982518e+02   2.5439056e+01
   1.0000000e+02   4.0000000e+02   0.0000000e+00   5.8256314e+02   1.1293135e+02
   2.0000000e+02   4.0000000e+02   0.0000000e+00   5.8529920e+02   2.0188214e+02
   3.0000000e+02   4.0000000e+02   0.0000000e+00   5.8766014e+02   2.9245744e+02
   4.0000000e+02   4.0000000e+02   0.0000000e+00   5.9003634e+02   3.8382981e+02
   5.0000000e+02   4.0000000e+02   0.0000000e+00   5.9205219e+02   4.7440360e+02
   6.0000000e+02   4.0000000e+02   0.0000000e+00   5.9368288e+02   5.6354345e+02
   7.0000000e+02   4.0000000e+02   0.0000000e+00   5.9506056e+02   6.4995361e+02
   0.0000000e+00   3.0000000e+02   0.0000000e+00   4.8991730e+02   2.9418022e+01
   1.0000000e+02   3.0000000e+02   0.0000000e+00   4.9207957e+02   1.1618616e+02
   2.0000000e+02   3.0000000e+02   0.0000000e+00   4.9420530e+02   2.0493699e+02
   3.0000000e+02   3.0000000e+02   0.0000000e+00   4.9662321e+02   2.9512422e+02
   4.0000000e+02   3.0000000e+02   0.0000000e+00   4.9896200e+02   3.8595443e+02
   5.0000000e+02   3.0000000e+02   0.0000000e+00   5.0155522e+02   4.7628991e+02
   6.0000000e+02   3.0000000e+02   0.0000000e+00   5.0401609e+02   5.6490859e+02
   7.0000000e+02   3.0000000e+02   0.0000000e+00   5.0631505e+02   6.5124108e+02
   0.0000000e+00   2.0000000e+02   0.0000000e+00   4.0151115e+02   3.4409457e+01
   1.0000000e+02   2.0000000e+02   0.0000000e+00   4.0272415e+02   1.2091008e+02
   2.0000000e+02   2.0000000e+02   0.0000000e+00   4.0436814e+02   2.0880958e+02
   3.0000000e+02   2.0000000e+02   0.0000000e+00   4.0650233e+02   2.9834012e+02
   4.0000000e+02   2.0000000e+02   0.0000000e+00   4.0917121e+02   3.8829803e+02
   5.0000000e+02   2.0000000e+02   0.0000000e+00   4.1210548e+02   4.7786522e+02
   6.0000000e+02   2.0000000e+02   0.0000000e+00   4.1544796e+02   5.6584625e+02
   7.0000000e+02   2.0000000e+02   0.0000000e+00   4.1905460e+02   6.5143605e+02
   0.0000000e+00   1.0000000e+02   0.0000000e+00   3.1461716e+02   4.0346937e+01
   1.0000000e+02   1.0000000e+02   0.0000000e+00   3.1590712e+02   1.2612665e+02
   2.0000000e+02   1.0000000e+02   0.0000000e+00   3.1693463e+02   2.1338022e+02
   3.0000000e+02   1.0000000e+02   0.0000000e+00   3.1880841e+02   3.0181138e+02
   4.0000000e+02   1.0000000e+02   0.0000000e+00   3.2152656e+02   3.9071316e+02
   5.0000000e+02   1.0000000e+02   0.0000000e+00   3.2497545e+02   4.7922989e+02
   6.0000000e+02   1.0000000e+02   0.0000000e+00   3.2924937e+02   5.6610738e+02
   7.0000000e+02   1.0000000e+02   0.0000000e+00   3.3354473e+02   6.5065767e+02
   0.0000000e+00   0.0000000e+00   0.0000000e+00   2.3021071e+02   4.6669114e+01
   1.0000000e+02   0.0000000e+00   0.0000000e+00   2.3106587e+02   1.3208187e+02
   2.0000000e+02   0.0000000e+00   0.0000000e+00   2.3211366e+02   2.1839422e+02
   3.0000000e+02   0.0000000e+00   0.0000000e+00   2.3418288e+02   3.0562157e+02
   4.0000000e+02   0.0000000e+00   0.0000000e+00   2.3674532e+02   3.9340309e+02
   5.0000000e+02   0.0000000e+00   0.0000000e+00   2.4067814e+02   4.8043863e+02
   6.0000000e+02   0.0000000e+00   0.0000000e+00   2.4562293e+02   5.6624079e+02
   7.0000000e+02   0.0000000e+00   0.0000000e+00   2.5072595e+02   6.4979453e+02
