   0.0000000e+00   8.0000000e+02   0.0000000e+00   6.0368797e+02   1.3376642e+02
   1.0000000e+02   8.0000000e+02   0.0000000e+00   6.1002065e+02   1.9563240e+02
   2.0000000e+02   8.0000000e+02   0.0000000e+00   6.1687079e+02   2.6013006e+02
   3.0000000e+02   8.0000000e+02   0.0000000e+00   6.2383349e+02   3.2602546e+02
   4.0000000e+02   8.0000000e+02   0.0000000e+00   6.2959170e+02   3.9485156e+02
   5.0000000e+02   8.0000000e+02   0.0000000e+00   6.3573235e+02   4.6464055e+02
   6.0000000e+02   8.0000000e+02   0.0000000e+00   6.4176351e+02   5.3567472e+02
   7.0000000e+02   8.0000000e+02   0.0000000e+00   6.4748709e+02   6.0673236e+02
   0.0000000e+00   7.0000000e+02   0.0000000e+00   5.4255042e+02   1.2725947e+02
   1.0000000e+02   7.0000000e+02   0.0000000e+00   5.4829790e+02   1.9054020e+02
   2.0000000e+02   7.0000000e+02   0.0000000e+00   5.5360545e+02   2.5692592e+02
   3.0000000e+02   7.0000000e+02   0.0000000e+00   5.5997200e+02   3.2512463e+02
   4.0000000e+02   7.0000000e+02   0.0000000e+00   5.6547460e+02   3.9587308e+02
   5.0000000e+02   7.0000000e+02   0.0000000e+00   5.7157550e+02   4.6805831e+02
   6.0000000e+02   7.0000000e+02   0.0000000e+00   5.7740924e+02   5.4135745e+02
   7.0000000e+02   7.0000000e+02   0.0000000e+00   5.8262011e+02   6.1486972e+02
   0.0000000e+00   6.0000000e+02   0.0000000e+00   4.7764076e+02   1.2070854e+02
   1.0000000e+02   6.0000000e+02   0.0000000e+00   4.8228993e+02   1.8572005e+02
   2.0000000e+02   6.0000000e+02   0.0000000e+00   4.8700137e+02   2.5382495e+02
   3.0000000e+02   6.0000000e+02   0.0000000e+00   4.9191430e+02   3.2442415e+02
   4.0000000e+02   6.0000000e+02   0.0000000e+00   4.9728069e+02   3.9723335e+02
   5.0000000e+02   6.0000000e+02   0.0000000e+00   5.0288128e+02   4.7156416e+02
   6.0000000e+02   6.0000000e+02   0.0000000e+00   5.0810926e+02   5.4711842e+02
   7.0000000e+02   6.0000000e+02   0.0000000e+00   5.1337203e+02   6.2295031e+02
   0.0000000e+00   5.0000000e+02   0.0000000e+00   4.0996130e+02   1.1393629e+02
   1.0000000e+02   5.0000000e+02   0.0000000e+00   4.1314306e+02   1.8142031e+02
   2.0000000e+02   5.0000000e+02   0.0000000e+00   4.1675960e+02   2.5112547e+02
   3.0000000e+02   5.0000000e+02   0.0000000e+00   4.2075380e+02   3.2361997e+02
   4.0000000e+02   5.0000000e+02   0.0000000e+00   4.2535754e+02   3.9844002e+02
   5.0000000e+02   5.0000000e+02   0.0000000e+00   4.3018349e+02   4.7515005e+02
   6.0000000e+02   5.0000000e+02   0.0000000e+00   4.3524486e+02   5.5302418e+02
   7.0000000e+02   5.0000000e+02   0.0000000e+00   4.4074823e+02   6.3111304e+02
   0.0000000e+00   4.0000000e+02   0.0000000e+00   3.3785995e+02   1.0792406e+02
   1.0000000e+02   4.0000000e+02   0.0000000e+00   3.3996407e+02   1.7702478e+02
   2.0000000e+02   4.0000000e+02   0.0000000e+00   3.4233575e+02   2.4864082e+02
   3.0000000e+02   4.0000000e+02   0.0000000e+00   3.4524204e+02   3.2317739e+02
   4.0000000e+02   4.0000000e+02   0.0000000e+00   3.4883964e+02   4.0002423e+02
   5.0000000e+02   4.0000000e+02   0.0000000e+00   3.5316638e+02   4.7875277e+02
   6.0000000e+02   4.0000000e+02   0.0000000e+00   3.5789947e+02   5.5874453e+02
   7.0000000e+02   4.0000000e+02   0.0000000e+00   3.6292363e+02   6.3918734e+02
   0.0000000e+00   3.0000000e+02   0.0000000e+00   2.6315107e+02   1.0228952e+02
   1.0000000e+02   3.0000000e+02   0.0000000e+00   2.6389288e+02   1.7292416e+02
   2.0000000e+02   3.0000000e+02   0.0000000e+00   2.6485510e+02   2.4648446e+02
   3.0000000e+02   3.0000000e+02   0.0000000e+00   2.6661752e+02   3.2285605e+02
   4.0000000e+02   3.0000000e+02   0.0000000e+00   2.6937284e+02   4.0167656e+02
   5.0000000e+02   3.0000000e+02   0.0000000e+00   2.7280008e+02   4.8240422e+02
   6.0000000e+02   3.0000000e+02   0.0000000e+00   2.7719775e+02   5.6449331e+02
   7.0000000e+02   3.0000000e+02   0.0000000e+00   2.8226460e+02   6.4724903e+02
   0.0000000e+00   2.0000000e+02   0.0000000e+00   1.8470562e+02   9.7152048e+01
   1.0000000e+02   2.0000000e+02   0.0000000e+00   1.8431678e+02   1.6936319e+02
   2.0000000e+02   2.0000000e+02   0.0000000e+00   1.8422186e+02   2.4458542e+02
   3.0000000e+02   2.0000000e+02   0.0000000e+00   1.8482412e+02   3.2274207e+02
   4.0000000e+02   2.0000000e+02   0.0000000e+00   1.8636302e+02   4.0344895e+02
   5.0000000e+02   2.0000000e+02   0.0000000e+00   1.8913625e+02   4.8604947e+02
   6.0000000e+02   2.0000000e+02   0.0000000e+00   1.9283375e+02   5.7014865e+02
   7.0000000e+02   2.0000000e+02   0.0000000e+00   1.9731404e+02   6.5468899e+02
   0.0000000e+00   1.0000000e+02   0.0000000e+00   1.0286585e+02   9.1463281e+01
   1.0000000e+02   1.0000000e+02   0.0000000e+00   1.0147681e+02   1.6592408e+02
   2.0000000e+02   1.0000000e+02   0.0000000e+00   1.0017675e+02   2.4290828e+02
   3.0000000e+02   1.0000000e+02   0.0000000e+00   9.9884806e+01   3.2295862e+02
   4.0000000e+02   1.0000000e+02   0.0000000e+00   1.0043093e+02   4.0531569e+02
   5.0000000e+02   1.0000000e+02   0.0000000e+00   1.0226960e+02   4.8979790e+02
   6.0000000e+02   1.0000000e+02   0.0000000e+00   1.0535381e+02   5.7575593e+02
   7.0000000e+02   1.0000000e+02   0.0000000e+00   1.0945541e+02   6.6260906e+02
   0.0000000e+00   0.0000000e+00   0.0000000e+00   1.6797842e+01   8.5147322e+01
   1.0000000e+02   0.0000000e+00   0.0000000e+00   1.4681111e+01   1.6218403e+02
   2.0000000e+02   0.0000000e+00   0.0000000e+00   1.2693556e+01   2.4126754e+02
   3.0000000e+02   0.0000000e+00   0.0000000e+00   1.1410530e+01   3.2304750e+02
   4.0000000e+02   0.0000000e+00   0.0000000e+00   1.1069435e+01   4.0729718e+02
   5.0000000e+02   0.0000000e+00   0.0000000e+00   1.1945023e+01   4.9358108e+02
   6.0000000e+02   0.0000000e+00   0.0000000e+00   1.3987944e+01   5.8160916e+02
   7.0000000e+02   0.0000000e+00   0.0000000e+00   1.6610790e+01   6.7060412e+02
