   0.0000000e+00   5.0000000e+02   0.0000000e+00   6.1175324e+02   2.0822909e+01
   1.0000000e+02   5.0000000e+02   0.0000000e+00   6.2371597e+02   1.0662375e+02
   2.0000000e+02   5.0000000e+02   0.0000000e+00   6.3542833e+02   1.9507637e+02
   3.0000000e+02   5.0000000e+02   0.0000000e+00   6.4669897e+02   2.8576112e+02
   4.0000000e+02   5.0000000e+02   0.0000000e+00   6.5779398e+02   3.7794954e+02
   5.0000000e+02   5.0000000e+02   0.0000000e+00   6.6841705e+02   4.7045135e+02
   6.0000000e+02   5.0000000e+02   0.0000000e+00   6.7814154e+02   5.6228614e+02
   7.0000000e+02   5.0000000e+02   0.0000000e+00   6.8703542e+02   6.5210678e+02
   0.0000000e+00   4.0000000e+02   0.0000000e+00   5.3647833e+02   4.8759658e+01
   1.0000000e+02   4.0000000e+02   0.0000000e+00   5.4686956e+02   1.3072693e+02
   2.0000000e+02   4.0000000e+02   0.0000000e+00   5.5720525e+02   2.1474713e+02
   3.0000000e+02   4.0000000e+02   0.0000000e+00   5.6752994e+02   3.0091672e+02
   4.0000000e+02   4.0000000e+02   0.0000000e+00   5.7780077e+02   3.8837175e+02
   5.0000000e+02   4.0000000e+02   0.0000000e+00   5.8790924e+02   4.7614558e+02
   6.0000000e+02   4.0000000e+02   0.0000000e+00   5.9747928e+02   5.6303482e+02
   7.0000000e+02   4.0000000e+02   0.0000000e+00   6.0658424e+02   6.4821367e+02
   0.0000000e+00   3.0000000e+02   0.0000000e+00   4.6818961e+02   7.5292343e+01
   1.0000000e+02   3.0000000e+02   0.0000000e+00   4.7745701e+02   1.5312592e+02
   2.0000000e+02   3.0000000e+02   0.0000000e+00   4.8651908e+02   2.3317540e+02
   3.0000000e+02   3.0000000e+02   0.0000000e+00   4.9599318e+02   3.1495327e+02
   4.0000000e+02   3.0000000e+02   0.0000000e+00   5.0553282e+02   3.9778799e+02
   5.0000000e+02   3.0000000e+02   0.0000000e+00   5.1514420e+02   4.8098321e+02
   6.0000000e+02   3.0000000e+02   0.0000000e+00   5.2451154e+02   5.6334897e+02
   7.0000000e+02   3.0000000e+02   0.0000000e+00   5.3342971e+02   6.4435349e+02
   0.0000000e+00   2.0000000e+02   0.0000000e+00   4.0683588e+02   9.9515450e+01
   1.0000000e+02   2.0000000e+02   0.0000000e+00   4.1482151e+02   1.7387816e+02
   2.0000000e+02   2.0000000e+02   0.0000000e+00   4.2290804e+02   2.5008159e+02
   3.0000000e+02   2.0000000e+02   0.0000000e+00   4.3189664e+02   3.2782632e+02
   4.0000000e+02   2.0000000e+02   0.0000000e+00   4.4065300e+02   4.0637377e+02
   5.0000000e+02   2.0000000e+02   0.0000000e+00   4.4972422e+02   4.8523964e+02
   6.0000000e+02   2.0000000e+02   0.0000000e+00   4.5908141e+02   5.6325635e+02
   7.0000000e+02   2.0000000e+02   0.0000000e+00   4.6814518e+02   6.4021211e+02
   0.0000000e+00   1.0000000e+02   0.0000000e+00   3.5123215e+02   1.2199992e+02
   1.0000000e+02   1.0000000e+02   0.0000000e+00   3.5870826e+02   1.9300785e+02
   2.0000000e+02   1.0000000e+02   0.0000000e+00   3.6602939e+02   2.6556684e+02
   3.0000000e+02   1.0000000e+02   0.0000000e+00   3.7418001e+02   3.3936362e+02
   4.0000000e+02   1.0000000e+02   0.0000000e+00   3.8239658e+02   4.1412428e+02
   5.0000000e+02   1.0000000e+02   0.0000000e+00   3.9114602e+02   4.8874114e+02
   6.0000000e+02   1.0000000e+02   0.0000000e+00   4.0021976e+02   5.6290044e+02
   7.0000000e+02   1.0000000e+02   0.0000000e+00   4.0913797e+02   6.3587910e+02
   0.0000000e+00   0.0000000e+00   0.0000000e+00   3.0082542e+02   1.4243512e+02
   1.0000000e+02   0.0000000e+00   0.0000000e+00   3.0825077e+02   2.1033139e+02
   2.0000000e+02   0.0000000e+00   0.0000000e+00   3.1500604e+02   2.7970419e+02
   3.0000000e+02   0.0000000e+00   0.0000000e+00   3.2230080e+02   3.5000797e+02
   4.0000000e+02   0.0000000e+00   0.0000000e+00   3.3006502e+02   4.2118800e+02
   5.0000000e+02   0.0000000e+00   0.0000000e+00   3.3850037e+02   4.9215082e+02
   6.0000000e+02   0.0000000e+00   0.0000000e+00   3.4737004e+02   5.6275421e+02
   7.0000000e+02   0.0000000e+00   0.0000000e+00   3.5589551e+02   6.3228152e+02
