   0.0000000e+00   5.0000000e+02   0.0000000e+00   6.2182361e+02   3.3290046e+01
   1.0000000e+02   5.0000000e+02   0.0000000e+00   6.3282079e+02   1.1540265e+02
   2.0000000e+02   5.0000000e+02   0.0000000e+00   6.4345497e+02   2.0046255e+02
   3.0000000e+02   5.0000000e+02   0.0000000e+00   6.5389974e+02   2.8820130e+02
   4.0000000e+02   5.0000000e+02   0.0000000e+00   6.6419879e+02   3.7821753e+02
   5.0000000e+02   5.0000000e+02   0.0000000e+00   6.7379480e+02   4.6907551e+02
   6.0000000e+02   5.0000000e+02   0.0000000e+00   6.8291144e+02   5.6004336e+02
   7.0000000e+02   5.0000000e+02   0.0000000e+00   6.9091288e+02   6.4962991e+02
   0.0000000e+00   4.0000000e+02   0.0000000e+00   5.4898623e+02   6.0645542e+01
   1.0000000e+02   4.0000000e+02   0.0000000e+00   5.5805472e+02   1.3914816e+02
   2.0000000e+02   4.0000000e+02   0.0000000e+00   5.6735813e+02   2.2025722e+02
   3.0000000e+02   4.0000000e+02   0.0000000e+00   5.7663005e+02   3.0386479e+02
   4.0000000e+02   4.0000000e+02   0.0000000e+00   5.8579853e+02   3.8913150e+02
   5.0000000e+02   4.0000000e+02   0.0000000e+00   5.9478280e+02   4.7551257e+02
   6.0000000e+02   4.0000000e+02   0.0000000e+00   6.0342502e+02   5.6153310e+02
   7.0000000e+02   4.0000000e+02   0.0000000e+00   6.1159706e+02   6.4654571e+02
   0.0000000e+00   3.0000000e+02   0.0000000e+00   4.8279554e+02   8.6479542e+01
   1.0000000e+02   3.0000000e+02   0.0000000e+00   4.9051570e+02   1.6134719e+02
   2.0000000e+02   3.0000000e+02   0.0000000e+00   4.9842059e+02   2.3857456e+02
   3.0000000e+02   3.0000000e+02   0.0000000e+00   5.0668771e+02   3.1813513e+02
   4.0000000e+02   3.0000000e+02   0.0000000e+00   5.1496317e+02   3.9927720e+02
   5.0000000e+02   3.0000000e+02   0.0000000e+00   5.2329791e+02   4.8095221e+02
   6.0000000e+02   3.0000000e+02   0.0000000e+00   5.3154560e+02   5.6260930e+02
   7.0000000e+02   3.0000000e+02   0.0000000e+00   5.3915821e+02   6.4341716e+02
   0.0000000e+00   2.0000000e+02   0.0000000e+00   4.2292705e+02   1.1012707e+02
   1.0000000e+02   2.0000000e+02   0.0000000e+00   4.2961619e+02   1.8189170e+02
   2.0000000e+02   2.0000000e+02   0.0000000e+00   4.3632373e+02   2.5570737e+02
   3.0000000e+02   2.0000000e+02   0.0000000e+00   4.4387940e+02   3.3128724e+02
   4.0000000e+02   2.0000000e+02   0.0000000e+00   4.5130819e+02   4.0819577e+02
   5.0000000e+02   2.0000000e+02   0.0000000e+00   4.5906025e+02   4.8581146e+02
   6.0000000e+02   2.0000000e+02   0.0000000e+00   4.6683247e+02   5.6323411e+02
   7.0000000e+02   2.0000000e+02   0.0000000e+00   4.7456203e+02   6.3989139e+02
   0.0000000e+00   1.0000000e+02   0.0000000e+00   3.6828894e+02   1.3220663e+02
   1.0000000e+02   1.0000000e+02   0.0000000e+00   3.7451699e+02   2.0075054e+02
   2.0000000e+02   1.0000000e+02   0.0000000e+00   3.8058613e+02   2.7121109e+02
   3.0000000e+02   1.0000000e+02   0.0000000e+00   3.8729634e+02   3.4322466e+02
   4.0000000e+02   1.0000000e+02   0.0000000e+00   3.9396076e+02   4.1645529e+02
   5.0000000e+02   1.0000000e+02   0.0000000e+00   4.0130329e+02   4.9001897e+02
   6.0000000e+02   1.0000000e+02   0.0000000e+00   4.0884890e+02   5.6352169e+02
   7.0000000e+02   1.0000000e+02   0.0000000e+00   4.1625657e+02   6.3645795e+02
   0.0000000e+00   0.0000000e+00   0.0000000e+00   3.1915287e+02   1.5230627e+02
   1.0000000e+02   0.0000000e+00   0.0000000e+00   3.2482480e+02   2.1805139e+02
   2.0000000e+02   0.0000000e+00   0.0000000e+00   3.3029261e+02   2.8560575e+02
   3.0000000e+02   0.0000000e+00   0.0000000e+00   3.3621075e+02   3.5414703e+02
   4.0000000e+02   0.0000000e+00   0.0000000e+00   3.4237272e+02   4.2386764e+02
   5.0000000e+02   0.0000000e+00   0.0000000e+00   3.4929684e+02   4.9384516e+02
   6.0000000e+02   0.0000000e+00   0.0000000e+00   3.5655696e+02   5.6389727e+02
   7.0000000e+02   0.0000000e+00   0.0000000e+00   3.6375924e+02   6.3331562e+02
