   0.0000000e+00   6.0000000e+02   0.0000000e+00   8.3380907e+02   2.0218981e+02
   1.0000000e+02   6.0000000e+02   0.0000000e+00   8.1254065e+02   2.6964855e+02
   2.0000000e+02   6.0000000e+02   0.0000000e+00   7.9164114e+02   3.3823143e+02
   3.0000000e+02   6.0000000e+02   0.0000000e+00   7.7031094e+02   4.0696574e+02
   4.0000000e+02   6.0000000e+02   0.0000000e+00   7.4662892e+02   4.7557961e+02
   5.0000000e+02   6.0000000e+02   0.0000000e+00   7.2342047e+02   5.4372332e+02
   6.0000000e+02   6.0000000e+02   0.0000000e+00   6.9977557e+02   6.1088168e+02
   7.0000000e+02   6.0000000e+02   0.0000000e+00   6.7632412e+02   6.7624797e+02
   0.0000000e+00   5.0000000e+02   0.0000000e+00   7.7981991e+02   1.7366581e+02
   1.0000000e+02   5.0000000e+02   0.0000000e+00   7.5842778e+02   2.4372752e+02
   2.0000000e+02   5.0000000e+02   0.0000000e+00   7.3558683e+02   3.1458505e+02
   3.0000000e+02   5.0000000e+02   0.0000000e+00   7.1321538e+02   3.8620467e+02
   4.0000000e+02   5.0000000e+02   0.0000000e+00   6.8933332e+02   4.5758581e+02
   5.0000000e+02   5.0000000e+02   0.0000000e+00   6.6562706e+02   5.2872111e+02
   6.0000000e+02   5.0000000e+02   0.0000000e+00   6.4154524e+02   5.9850149e+02
   7.0000000e+02   5.0000000e+02   0.0000000e+00   6.1730556e+02   6.6604676e+02
   0.0000000e+00   4.0000000e+02   0.0000000e+00   7.2134055e+02   1.4363660e+02
   1.0000000e+02   4.0000000e+02   0.0000000e+00   6.9866393e+02   2.1604621e+02
   2.0000000e+02   4.0000000e+02   0.0000000e+00   6.7529243e+02   2.8952660e+02
   3.0000000e+02   4.0000000e+02   0.0000000e+00   6.5130337e+02   3.6374304e+02
   4.0000000e+02   4.0000000e+02   0.0000000e+00   6.2704748e+02   4.3826388e+02
   5.0000000e+02   4.0000000e+02   0.0000000e+00   6.0269299e+02   5.1211255e+02
   6.0000000e+02   4.0000000e+02   0.0000000e+00   5.7790641e+02   5.8458360e+02
   7.0000000e+02   4.0000000e+02   0.0000000e+00   5.5351565e+02   6.5483339e+02
   0.0000000e+00   3.0000000e+02   0.0000000e+00   6.5858878e+02   1.1201193e+02
   1.0000000e+02   3.0000000e+02   0.0000000e+00   6.3446624e+02   1.8672866e+02
   2.0000000e+02   3.0000000e+02   0.0000000e+00   6.1001449e+02   2.6279188e+02
   3.0000000e+02   3.0000000e+02   0.0000000e+00   5.8497101e+02   3.4007068e+02
   4.0000000e+02   3.0000000e+02   0.0000000e+00   5.5991692e+02   4.1731378e+02
   5.0000000e+02   3.0000000e+02   0.0000000e+00   5.3470503e+02   4.9401958e+02
   6.0000000e+02   3.0000000e+02   0.0000000e+00   5.0983678e+02   5.6937390e+02
   7.0000000e+02   3.0000000e+02   0.0000000e+00   4.8563361e+02   6.4258576e+02
   0.0000000e+00   2.0000000e+02   0.0000000e+00   5.9008965e+02   7.8210292e+01
   1.0000000e+02   2.0000000e+02   0.0000000e+00   5.6457116e+02   1.5564621e+02
   2.0000000e+02   2.0000000e+02   0.0000000e+00   5.3877968e+02   2.3443794e+02
   3.0000000e+02   2.0000000e+02   0.0000000e+00   5.1276759e+02   3.1440159e+02
   4.0000000e+02   2.0000000e+02   0.0000000e+00   4.8686697e+02   3.9476028e+02
   5.0000000e+02   2.0000000e+02   0.0000000e+00   4.6132927e+02   4.7435492e+02
   6.0000000e+02   2.0000000e+02   0.0000000e+00   4.3616099e+02   5.5250660e+02
   7.0000000e+02   2.0000000e+02   0.0000000e+00   4.1190942e+02   6.2842652e+02
   0.0000000e+00   1.0000000e+02   0.0000000e+00   5.1685639e+02   4.3168137e+01
   1.0000000e+02   1.0000000e+02   0.0000000e+00   4.8972836e+02   1.2329178e+02
   2.0000000e+02   1.0000000e+02   0.0000000e+00   4.6263643e+02   2.0469027e+02
   3.0000000e+02   1.0000000e+02   0.0000000e+00   4.3548512e+02   2.8739028e+02
   4.0000000e+02   1.0000000e+02   0.0000000e+00   4.0894916e+02   3.7058837e+02
   5.0000000e+02   1.0000000e+02   0.0000000e+00   3.8301884e+02   4.5312920e+02
   6.0000000e+02   1.0000000e+02   0.0000000e+00   3.5786285e+02   5.3425404e+02
   7.0000000e+02   1.0000000e+02   0.0000000e+00   3.3397675e+02   6.1298270e+02
   0.0000000e+00   0.0000000e+00   0.0000000e+00   4.3782325e+02   6.8662003e+00
   1.0000000e+02   0.0000000e+00   0.0000000e+00   4.0959695e+02   8.9525089e+01
   2.0000000e+02   0.0000000e+00   0.0000000e+00   3.8123822e+02   1.7364683e+02
   3.0000000e+02   0.0000000e+00   0.0000000e+00   3.5313814e+02   2.5902216e+02
   4.0000000e+02   0.0000000e+00   0.0000000e+00   3.2592308e+02   3.4493464e+02
   5.0000000e+02   0.0000000e+00   0.0000000e+00   2.9960310e+02   4.3039749e+02
   6.0000000e+02   0.0000000e+00   0.0000000e+00   2.7480252e+02   5.1431309e+02
   7.0000000e+02   0.0000000e+00   0.0000000e+00   2.5107372e+02   5.9583866e+02
