   0.0000000e+00   6.0000000e+02   0.0000000e+00   4.5587126e+02   7.4811960e+00
   1.0000000e+02   6.0000000e+02   0.0000000e+00   4.7332665e+02   9.3264990e+01
   2.0000000e+02   6.0000000e+02   0.0000000e+00   4.9084335e+02   1.8151443e+02
   3.0000000e+02   6.0000000e+02   0.0000000e+00   5.0883400e+02   2.7207641e+02
   4.0000000e+02   6.0000000e+02   0.0000000e+00   5.2716662e+02   3.6415163e+02
   5.0000000e+02   6.0000000e+02   0.0000000e+00   5.4539839e+02   4.5663761e+02
   6.0000000e+02   6.0000000e+02   0.0000000e+00   5.6348449e+02   5.4796487e+02
   7.0000000e+02   6.0000000e+02   0.0000000e+00   5.8105456e+02   6.3716407e+02
   0.0000000e+00   5.0000000e+02   0.0000000e+00   3.7516771e+02   3.6636149e+01
   1.0000000e+02   5.0000000e+02   0.0000000e+00   3.9118717e+02   1.2009750e+02
   2.0000000e+02   5.0000000e+02   0.0000000e+00   4.0758127e+02   2.0564112e+02
   3.0000000e+02   5.0000000e+02   0.0000000e+00   4.2440191e+02   2.9324842e+02
   4.0000000e+02   5.0000000e+02   0.0000000e+00   4.4182966e+02   3.8231470e+02
   5.0000000e+02   5.0000000e+02   0.0000000e+00   4.5966776e+02   4.7129566e+02
   6.0000000e+02   5.0000000e+02   0.0000000e+00   4.7758110e+02   5.5944280e+02
   7.0000000e+02   5.0000000e+02   0.0000000e+00   4.9531317e+02   6.4547690e+02
   0.0000000e+00   4.0000000e+02   0.0000000e+00   3.0055380e+02   6.4555391e+01
   1.0000000e+02   4.0000000e+02   0.0000000e+00   3.1546153e+02   1.4576966e+02
   2.0000000e+02   4.0000000e+02   0.0000000e+00   3.3060294e+02   2.2863659e+02
   3.0000000e+02   4.0000000e+02   0.0000000e+00   3.4663671e+02   3.1344008e+02
   4.0000000e+02   4.0000000e+02   0.0000000e+00   3.6333137e+02   3.9901422e+02
   5.0000000e+02   4.0000000e+02   0.0000000e+00   3.8055663e+02   4.8484367e+02
   6.0000000e+02   4.0000000e+02   0.0000000e+00   3.9831406e+02   5.6969248e+02
   7.0000000e+02   4.0000000e+02   0.0000000e+00   4.1635026e+02   6.5279711e+02
   0.0000000e+00   3.0000000e+02   0.0000000e+00   2.3155222e+02   9.2051578e+01
   1.0000000e+02   3.0000000e+02   0.0000000e+00   2.4533167e+02   1.7034986e+02
   2.0000000e+02   3.0000000e+02   0.0000000e+00   2.5956918e+02   2.5066208e+02
   3.0000000e+02   3.0000000e+02   0.0000000e+00   2.7491562e+02   3.3227684e+02
   4.0000000e+02   3.0000000e+02   0.0000000e+00   2.9085385e+02   4.1475426e+02
   5.0000000e+02   3.0000000e+02   0.0000000e+00   3.0758189e+02   4.9717651e+02
   6.0000000e+02   3.0000000e+02   0.0000000e+00   3.2510064e+02   5.7878479e+02
   7.0000000e+02   3.0000000e+02   0.0000000e+00   3.4235314e+02   6.5874141e+02
   0.0000000e+00   2.0000000e+02   0.0000000e+00   1.6774584e+02   1.1765097e+02
   1.0000000e+02   2.0000000e+02   0.0000000e+00   1.8085677e+02   1.9393262e+02
   2.0000000e+02   2.0000000e+02   0.0000000e+00   1.9435474e+02   2.7142506e+02
   3.0000000e+02   2.0000000e+02   0.0000000e+00   2.0910727e+02   3.5002898e+02
   4.0000000e+02   2.0000000e+02   0.0000000e+00   2.2441786e+02   4.2933083e+02
   5.0000000e+02   2.0000000e+02   0.0000000e+00   2.4059110e+02   5.0839813e+02
   6.0000000e+02   2.0000000e+02   0.0000000e+00   2.5761294e+02   5.8673350e+02
   7.0000000e+02   2.0000000e+02   0.0000000e+00   2.7501830e+02   6.6397538e+02
   0.0000000e+00   1.0000000e+02   0.0000000e+00   1.0844335e+02   1.4200376e+02
   1.0000000e+02   1.0000000e+02   0.0000000e+00   1.2168423e+02   2.1583950e+02
   2.0000000e+02   1.0000000e+02   0.0000000e+00   1.3452805e+02   2.9077654e+02
   3.0000000e+02   1.0000000e+02   0.0000000e+00   1.4864050e+02   3.6638875e+02
   4.0000000e+02   1.0000000e+02   0.0000000e+00   1.6333525e+02   4.4255518e+02
   5.0000000e+02   1.0000000e+02   0.0000000e+00   1.7919777e+02   5.1862725e+02
   6.0000000e+02   1.0000000e+02   0.0000000e+00   1.9567603e+02   5.9398277e+02
   7.0000000e+02   1.0000000e+02   0.0000000e+00   2.1250604e+02   6.6797975e+02
   0.0000000e+00   0.0000000e+00   0.0000000e+00   5.3537956e+01   1.6437153e+02
   1.0000000e+02   0.0000000e+00   0.0000000e+00   6.6695685e+01   2.3612750e+02
   2.0000000e+02   0.0000000e+00   0.0000000e+00   7.9364747e+01   3.0853327e+02
   3.0000000e+02   0.0000000e+00   0.0000000e+00   9.2964303e+01   3.8167381e+02
   4.0000000e+02   0.0000000e+00   0.0000000e+00   1.0725459e+02   4.5513563e+02
   5.0000000e+02   0.0000000e+00   0.0000000e+00   1.2273280e+02   5.2829438e+02
   6.0000000e+02   0.0000000e+00   0.0000000e+00   1.3897477e+02   6.0076168e+02
   7.0000000e+02   0.0000000e+00   0.0000000e+00   1.5509638e+02   6.7238008e+02
