   0.0000000e+00   9.0000000e+02   0.0000000e+00   6.5948240e+02   9.5774198e+01
   1.0000000e+02   9.0000000e+02   0.0000000e+00   6.6509252e+02   1.6510088e+02
   2.0000000e+02   9.0000000e+02   0.0000000e+00   6.7048247e+02   2.3654626e+02
   3.0000000e+02   9.0000000e+02   0.0000000e+00   6.7593720e+02   3.0988999e+02
   4.0000000e+02   9.0000000e+02   0.0000000e+00   6.8068043e+02   3.8627142e+02
   5.0000000e+02   9.0000000e+02   0.0000000e+00   6.8520459e+02   4.6308212e+02
   6.0000000e+02   9.0000000e+02   0.0000000e+00   6.8913158e+02   5.4097976e+02
   7.0000000e+02   9.0000000e+02   0.0000000e+00   6.9279532e+02   6.1819807e+02
   0.0000000e+00   8.0000000e+02   0.0000000e+00   5.8626562e+02   9.7856165e+01
   1.0000000e+02   8.0000000e+02   0.0000000e+00   5.9069675e+02   1.6705508e+02
   2.0000000e+02   8.0000000e+02   0.0000000e+00   5.9523276e+02   2.3916697e+02
   3.0000000e+02   8.0000000e+02   0.0000000e+00   5.9956406e+02   3.1311963e+02
   4.0000000e+02   8.0000000e+02   0.0000000e+00   6.0373847e+02   3.8940812e+02
   5.0000000e+02   8.0000000e+02   0.0000000e+00   6.0787850e+02   4.6678367e+02
   6.0000000e+02   8.0000000e+02   0.0000000e+00   6.1168862e+02   5.4511732e+02
   7.0000000e+02   8.0000000e+02   0.0000000e+00   6.1524520e+02   6.2262473e+02
   0.0000000e+00   7.0000000e+02   0.0000000e+00   5.1238348e+02   1.0059901e+02
   1.0000000e+02   7.0000000e+02   0.0000000e+00   5.1572679e+02   1.6981794e+02
   2.0000000e+02   7.0000000e+02   0.0000000e+00   5.1917406e+02   2.4210620e+02
   3.0000000e+02   7.0000000e+02   0.0000000e+00   5.2261681e+02   3.1649638e+02
   4.0000000e+02   7.0000000e+02   0.0000000e+00   5.2621238e+02   3.9270618e+02
   5.0000000e+02   7.0000000e+02   0.0000000e+00   5.2975976e+02   4.7039254e+02
   6.0000000e+02   7.0000000e+02   0.0000000e+00   5.3343429e+02   5.4858392e+02
   7.0000000e+02   7.0000000e+02   0.0000000e+00   5.3680179e+02   6.2654726e+02
   0.0000000e+00   6.0000000e+02   0.0000000e+00   4.3905977e+02   1.0368934e+02
   1.0000000e+02   6.0000000e+02   0.0000000e+00   4.4128411e+02   1.7348852e+02
   2.0000000e+02   6.0000000e+02   0.0000000e+00   4.4346795e+02   2.4550682e+02
   3.0000000e+02   6.0000000e+02   0.0000000e+00   4.4600768e+02   3.2000727e+02
   4.0000000e+02   6.0000000e+02   0.0000000e+00   4.4897749e+02   3.9637802e+02
   5.0000000e+02   6.0000000e+02   0.0000000e+00   4.5207387e+02   4.7394581e+02
   6.0000000e+02   6.0000000e+02   0.0000000e+00   4.5549717e+02   5.5202279e+02
   7.0000000e+02   6.0000000e+02   0.0000000e+00   4.5913853e+02   6.2971152e+02
   0.0000000e+00   5.0000000e+02   0.0000000e+00   3.6526456e+02   1.0792547e+02
   1.0000000e+02   5.0000000e+02   0.0000000e+00   3.6646076e+02   1.7758171e+02
   2.0000000e+02   5.0000000e+02   0.0000000e+00   3.6792852e+02   2.4955774e+02
   3.0000000e+02   5.0000000e+02   0.0000000e+00   3.6957358e+02   3.2379842e+02
   4.0000000e+02   5.0000000e+02   0.0000000e+00   3.7170297e+02   3.9993448e+02
   5.0000000e+02   5.0000000e+02   0.0000000e+00   3.7449356e+02   4.7718380e+02
   6.0000000e+02   5.0000000e+02   0.0000000e+00   3.7764638e+02   5.5500892e+02
   7.0000000e+02   5.0000000e+02   0.0000000e+00   3.8089260e+02   6.3252225e+02
   0.0000000e+00   4.0000000e+02   0.0000000e+00   2.9304668e+02   1.1273535e+02
   1.0000000e+02   4.0000000e+02   0.0000000e+00   2.9324830e+02   1.8218433e+02
   2.0000000e+02   4.0000000e+02   0.0000000e+00   2.9365166e+02   2.5394621e+02
   3.0000000e+02   4.0000000e+02   0.0000000e+00   2.9454269e+02   3.2793391e+02
   4.0000000e+02   4.0000000e+02   0.0000000e+00   2.9622754e+02   4.0351179e+02
   5.0000000e+02   4.0000000e+02   0.0000000e+00   2.9841123e+02   4.8020433e+02
   6.0000000e+02   4.0000000e+02   0.0000000e+00   3.0136315e+02   5.5753925e+02
   7.0000000e+02   4.0000000e+02   0.0000000e+00   3.0475382e+02   6.3465859e+02
   0.0000000e+00   3.0000000e+02   0.0000000e+00   2.2173399e+02   1.1813567e+02
   1.0000000e+02   3.0000000e+02   0.0000000e+00   2.2116395e+02   1.8740222e+02
   2.0000000e+02   3.0000000e+02   0.0000000e+00   2.2080709e+02   2.5873332e+02
   3.0000000e+02   3.0000000e+02   0.0000000e+00   2.2120576e+02   3.3212324e+02
   4.0000000e+02   3.0000000e+02   0.0000000e+00   2.2212300e+02   4.0700216e+02
   5.0000000e+02   3.0000000e+02   0.0000000e+00   2.2400958e+02   4.8312478e+02
   6.0000000e+02   3.0000000e+02   0.0000000e+00   2.2654844e+02   5.5968490e+02
   7.0000000e+02   3.0000000e+02   0.0000000e+00   2.2951464e+02   6.3614314e+02
   0.0000000e+00   2.0000000e+02   0.0000000e+00   1.5223034e+02   1.2360205e+02
   1.0000000e+02   2.0000000e+02   0.0000000e+00   1.5079417e+02   1.9285022e+02
   2.0000000e+02   2.0000000e+02   0.0000000e+00   1.4984843e+02   2.6364834e+02
   3.0000000e+02   2.0000000e+02   0.0000000e+00   1.4972732e+02   3.3643492e+02
   4.0000000e+02   2.0000000e+02   0.0000000e+00   1.5009513e+02   4.1054652e+02
   5.0000000e+02   2.0000000e+02   0.0000000e+00   1.5168305e+02   4.8577790e+02
   6.0000000e+02   2.0000000e+02   0.0000000e+00   1.5386429e+02   5.6158500e+02
   7.0000000e+02   2.0000000e+02   0.0000000e+00   1.5678923e+02   6.3743650e+02
   0.0000000e+00   1.0000000e+02   0.0000000e+00   8.3647314e+01   1.2952759e+02
   1.0000000e+02   1.0000000e+02   0.0000000e+00   8.2255871e+01   1.9824210e+02
   2.0000000e+02   1.0000000e+02   0.0000000e+00   8.0764163e+01   2.6863558e+02
   3.0000000e+02   1.0000000e+02   0.0000000e+00   8.0262007e+01   3.4067661e+02
   4.0000000e+02   1.0000000e+02   0.0000000e+00   8.0202426e+01   4.1400676e+02
   5.0000000e+02   1.0000000e+02   0.0000000e+00   8.1322216e+01   4.8837704e+02
   6.0000000e+02   1.0000000e+02   0.0000000e+00   8.3246322e+01   5.6332175e+02
   7.0000000e+02   1.0000000e+02   0.0000000e+00   8.5613148e+01   6.3812622e+02
   0.0000000e+00   0.0000000e+00   0.0000000e+00   1.5976146e+01   1.3467067e+02
   1.0000000e+02   0.0000000e+00   0.0000000e+00   1.4571146e+01   2.0330668e+02
   2.0000000e+02   0.0000000e+00   0.0000000e+00   1.2797072e+01   2.7340268e+02
   3.0000000e+02   0.0000000e+00   0.0000000e+00   1.2118752e+01   3.4468876e+02
   4.0000000e+02   0.0000000e+00   0.0000000e+00   1.1680807e+01   4.1749583e+02
   5.0000000e+02   0.0000000e+00   0.0000000e+00   1.2373373e+01   4.9101804e+02
   6.0000000e+02   0.0000000e+00   0.0000000e+00   1.4152347e+01   5.6513452e+02
   7.0000000e+02   0.0000000e+00   0.0000000e+00   1.5971465e+01   6.3991733e+02
