   0.0000000e+00   8.0000000e+02   0.0000000e+00   6.0920620e+02   1.5494331e+01
   1.0000000e+02   8.0000000e+02   0.0000000e+00   6.2433037e+02   8.2087130e+01
   2.0000000e+02   8.0000000e+02   0.0000000e+00   6.4068745e+02   1.5371020e+02
   3.0000000e+02   8.0000000e+02   0.0000000e+00   6.5746174e+02   2.2954819e+02
   4.0000000e+02   8.0000000e+02   0.0000000e+00   6.7528011e+02   3.1116684e+02
   5.0000000e+02   8.0000000e+02   0.0000000e+00   6.9302540e+02   3.9677729e+02
   6.0000000e+02   8.0000000e+02   0.0000000e+00   7.1103697e+02   4.8680631e+02
   7.0000000e+02   8.0000000e+02   0.0000000e+00   7.2925291e+02   5.7966886e+02
   0.0000000e+00   7.0000000e+02   0.0000000e+00   5.3475501e+02   4.2436297e+01
   1.0000000e+02   7.0000000e+02   0.0000000e+00   5.4766312e+02   1.0802022e+02
   2.0000000e+02   7.0000000e+02   0.0000000e+00   5.6136585e+02   1.7847120e+02
   3.0000000e+02   7.0000000e+02   0.0000000e+00   5.7566027e+02   2.5354872e+02
   4.0000000e+02   7.0000000e+02   0.0000000e+00   5.9066574e+02   3.3319713e+02
   5.0000000e+02   7.0000000e+02   0.0000000e+00   6.0590838e+02   4.1696628e+02
   6.0000000e+02   7.0000000e+02   0.0000000e+00   6.2213129e+02   5.0483452e+02
   7.0000000e+02   7.0000000e+02   0.0000000e+00   6.3788240e+02   5.9529419e+02
   0.0000000e+00   6.0000000e+02   0.0000000e+00   4.6476347e+02   6.8417863e+01
   1.0000000e+02   6.0000000e+02   0.0000000e+00   4.7532062e+02   1.3345565e+02
   2.0000000e+02   6.0000000e+02   0.0000000e+00   4.8643387e+02   2.0260849e+02
   3.0000000e+02   6.0000000e+02   0.0000000e+00   4.9833192e+02   2.7629999e+02
   4.0000000e+02   6.0000000e+02   0.0000000e+00   5.1092432e+02   3.5427716e+02
   5.0000000e+02   6.0000000e+02   0.0000000e+00   5.2427466e+02   4.3614325e+02
   6.0000000e+02   6.0000000e+02   0.0000000e+00   5.3821785e+02   5.2146405e+02
   7.0000000e+02   6.0000000e+02   0.0000000e+00   5.5237130e+02   6.0920330e+02
   0.0000000e+00   5.0000000e+02   0.0000000e+00   3.9764815e+02   9.4263365e+01
   1.0000000e+02   5.0000000e+02   0.0000000e+00   4.0631952e+02   1.5834528e+02
   2.0000000e+02   5.0000000e+02   0.0000000e+00   4.1542074e+02   2.2633325e+02
   3.0000000e+02   5.0000000e+02   0.0000000e+00   4.2511770e+02   2.9844274e+02
   4.0000000e+02   5.0000000e+02   0.0000000e+00   4.3563315e+02   3.7446858e+02
   5.0000000e+02   5.0000000e+02   0.0000000e+00   4.4702512e+02   4.5405652e+02
   6.0000000e+02   5.0000000e+02   0.0000000e+00   4.5874671e+02   5.3672332e+02
   7.0000000e+02   5.0000000e+02   0.0000000e+00   4.7093465e+02   6.2164119e+02
   0.0000000e+00   4.0000000e+02   0.0000000e+00   3.3542698e+02   1.1903574e+02
   1.0000000e+02   4.0000000e+02   0.0000000e+00   3.4199784e+02   1.8214455e+02
   2.0000000e+02   4.0000000e+02   0.0000000e+00   3.4914677e+02   2.4894374e+02
   3.0000000e+02   4.0000000e+02   0.0000000e+00   3.5713000e+02   3.1918550e+02
   4.0000000e+02   4.0000000e+02   0.0000000e+00   3.6578905e+02   3.9337605e+02
   5.0000000e+02   4.0000000e+02   0.0000000e+00   3.7527905e+02   4.7057238e+02
   6.0000000e+02   4.0000000e+02   0.0000000e+00   3.8544182e+02   5.5052167e+02
   7.0000000e+02   4.0000000e+02   0.0000000e+00   3.9621365e+02   6.3270201e+02
   0.0000000e+00   3.0000000e+02   0.0000000e+00   2.7645004e+02   1.4359616e+02
   1.0000000e+02   3.0000000e+02   0.0000000e+00   2.8194640e+02   2.0513415e+02
   2.0000000e+02   3.0000000e+02   0.0000000e+00   2.8734431e+02   2.7054363e+02
   3.0000000e+02   3.0000000e+02   0.0000000e+00   2.9370744e+02   3.3920952e+02
   4.0000000e+02   3.0000000e+02   0.0000000e+00   3.0096917e+02   4.1109736e+02
   5.0000000e+02   3.0000000e+02   0.0000000e+00   3.0860802e+02   4.8591242e+02
   6.0000000e+02   3.0000000e+02   0.0000000e+00   3.1730653e+02   5.6324840e+02
   7.0000000e+02   3.0000000e+02   0.0000000e+00   3.2615448e+02   6.4257435e+02
   0.0000000e+00   2.0000000e+02   0.0000000e+00   2.2186423e+02   1.6641385e+02
   1.0000000e+02   2.0000000e+02   0.0000000e+00   2.2573850e+02   2.2732269e+02
   2.0000000e+02   2.0000000e+02   0.0000000e+00   2.2981535e+02   2.9092495e+02
   3.0000000e+02   2.0000000e+02   0.0000000e+00   2.3509850e+02   3.5796373e+02
   4.0000000e+02   2.0000000e+02   0.0000000e+00   2.4060705e+02   4.2758031e+02
   5.0000000e+02   2.0000000e+02   0.0000000e+00   2.4712223e+02   4.9991918e+02
   6.0000000e+02   2.0000000e+02   0.0000000e+00   2.5444330e+02   5.7454725e+02
   7.0000000e+02   2.0000000e+02   0.0000000e+00   2.6244864e+02   6.5107112e+02
   0.0000000e+00   1.0000000e+02   0.0000000e+00   1.7011037e+02   1.8869019e+02
   1.0000000e+02   1.0000000e+02   0.0000000e+00   1.7337863e+02   2.4804464e+02
   2.0000000e+02   1.0000000e+02   0.0000000e+00   1.7647528e+02   3.1028079e+02
   3.0000000e+02   1.0000000e+02   0.0000000e+00   1.8052960e+02   3.7522880e+02
   4.0000000e+02   1.0000000e+02   0.0000000e+00   1.8486728e+02   4.4279158e+02
   5.0000000e+02   1.0000000e+02   0.0000000e+00   1.9027024e+02   5.1280207e+02
   6.0000000e+02   1.0000000e+02   0.0000000e+00   1.9665351e+02   5.8484548e+02
   7.0000000e+02   1.0000000e+02   0.0000000e+00   2.0325303e+02   6.5874507e+02
   0.0000000e+00   0.0000000e+00   0.0000000e+00   1.2226317e+02   2.0932113e+02
   1.0000000e+02   0.0000000e+00   0.0000000e+00   1.2464820e+02   2.6740626e+02
   2.0000000e+02   0.0000000e+00   0.0000000e+00   1.2658506e+02   3.2841562e+02
   3.0000000e+02   0.0000000e+00   0.0000000e+00   1.2982730e+02   3.9140248e+02
   4.0000000e+02   0.0000000e+00   0.0000000e+00   1.3313137e+02   4.5715284e+02
   5.0000000e+02   0.0000000e+00   0.0000000e+00   1.3783568e+02   5.2485992e+02
   6.0000000e+02   0.0000000e+00   0.0000000e+00   1.4312547e+02   5.9474570e+02
   7.0000000e+02   0.0000000e+00   0.0000000e+00   1.4870658e+02   6.6617118e+02
