   0.0000000e+00   9.0000000e+02   0.0000000e+00   6.9107124e+02   1.8396768e+02
   1.0000000e+02   9.0000000e+02   0.0000000e+00   6.9716100e+02   2.3324549e+02
   2.0000000e+02   9.0000000e+02   0.0000000e+00   7.0379986e+02   2.8645995e+02
   3.0000000e+02   9.0000000e+02   0.0000000e+00   7.1077935e+02   3.4312092e+02
   4.0000000e+02   9.0000000e+02   0.0000000e+00   7.1777107e+02   4.0679722e+02
   5.0000000e+02   9.0000000e+02   0.0000000e+00   7.2507155e+02   4.7436392e+02
   6.0000000e+02   9.0000000e+02   0.0000000e+00   7.3234671e+02   5.4757253e+02
   7.0000000e+02   9.0000000e+02   0.0000000e+00   7.3978450e+02   6.2578767e+02
   0.0000000e+00   8.0000000e+02   0.0000000e+00   6.2759785e+02   1.8572444e+02
   1.0000000e+02   8.0000000e+02   0.0000000e+00   6.3133998e+02   2.3468972e+02
   2.0000000e+02   8.0000000e+02   0.0000000e+00   6.3542112e+02   2.8839262e+02
   3.0000000e+02   8.0000000e+02   0.0000000e+00   6.3959688e+02   3.4559562e+02
   4.0000000e+02   8.0000000e+02   0.0000000e+00   6.4384191e+02   4.0874559e+02
   5.0000000e+02   8.0000000e+02   0.0000000e+00   6.4828247e+02   4.7627458e+02
   6.0000000e+02   8.0000000e+02   0.0000000e+00   6.5269286e+02   5.4946647e+02
   7.0000000e+02   8.0000000e+02   0.0000000e+00   6.5724576e+02   6.2809071e+02
   0.0000000e+00   7.0000000e+02   0.0000000e+00   5.6406726e+02   1.8764292e+02
   1.0000000e+02   7.0000000e+02   0.0000000e+00   5.6550510e+02   2.3663198e+02
   2.0000000e+02   7.0000000e+02   0.0000000e+00   5.6686262e+02   2.9042631e+02
   3.0000000e+02   7.0000000e+02   0.0000000e+00   5.6835248e+02   3.4809443e+02
   4.0000000e+02   7.0000000e+02   0.0000000e+00   5.6980901e+02   4.1074040e+02
   5.0000000e+02   7.0000000e+02   0.0000000e+00   5.7138022e+02   4.7820906e+02
   6.0000000e+02   7.0000000e+02   0.0000000e+00   5.7282086e+02   5.5143966e+02
   7.0000000e+02   7.0000000e+02   0.0000000e+00   5.7419668e+02   6.2965892e+02
   0.0000000e+00   6.0000000e+02   0.0000000e+00   5.0152183e+02   1.8968985e+02
   1.0000000e+02   6.0000000e+02   0.0000000e+00   5.0038025e+02   2.3920533e+02
   2.0000000e+02   6.0000000e+02   0.0000000e+00   4.9922240e+02   2.9263653e+02
   3.0000000e+02   6.0000000e+02   0.0000000e+00   4.9803884e+02   3.5033517e+02
   4.0000000e+02   6.0000000e+02   0.0000000e+00   4.9662486e+02   4.1269637e+02
   5.0000000e+02   6.0000000e+02   0.0000000e+00   4.9533584e+02   4.7995007e+02
   6.0000000e+02   6.0000000e+02   0.0000000e+00   4.9398541e+02   5.5279123e+02
   7.0000000e+02   6.0000000e+02   0.0000000e+00   4.9273207e+02   6.3024384e+02
   0.0000000e+00   5.0000000e+02   0.0000000e+00   4.3854479e+02   1.9261990e+02
   1.0000000e+02   5.0000000e+02   0.0000000e+00   4.3537750e+02   2.4189619e+02
   2.0000000e+02   5.0000000e+02   0.0000000e+00   4.3169498e+02   2.9519036e+02
   3.0000000e+02   5.0000000e+02   0.0000000e+00   4.2781183e+02   3.5261566e+02
   4.0000000e+02   5.0000000e+02   0.0000000e+00   4.2395894e+02   4.1464560e+02
   5.0000000e+02   5.0000000e+02   0.0000000e+00   4.1987498e+02   4.8162841e+02
   6.0000000e+02   5.0000000e+02   0.0000000e+00   4.1575205e+02   5.5359743e+02
   7.0000000e+02   5.0000000e+02   0.0000000e+00   4.1146410e+02   6.3032748e+02
   0.0000000e+00   4.0000000e+02   0.0000000e+00   3.7760478e+02   1.9565023e+02
   1.0000000e+02   4.0000000e+02   0.0000000e+00   3.7190330e+02   2.4502939e+02
   2.0000000e+02   4.0000000e+02   0.0000000e+00   3.6594939e+02   2.9789754e+02
   3.0000000e+02   4.0000000e+02   0.0000000e+00   3.5964660e+02   3.5522574e+02
   4.0000000e+02   4.0000000e+02   0.0000000e+00   3.5311652e+02   4.1668619e+02
   5.0000000e+02   4.0000000e+02   0.0000000e+00   3.4650219e+02   4.8284513e+02
   6.0000000e+02   4.0000000e+02   0.0000000e+00   3.3979613e+02   5.5404283e+02
   7.0000000e+02   4.0000000e+02   0.0000000e+00   3.3304028e+02   6.2986734e+02
   0.0000000e+00   3.0000000e+02   0.0000000e+00   3.1728655e+02   1.9956621e+02
   1.0000000e+02   3.0000000e+02   0.0000000e+00   3.0974344e+02   2.4845036e+02
   2.0000000e+02   3.0000000e+02   0.0000000e+00   3.0151418e+02   3.0105999e+02
   3.0000000e+02   3.0000000e+02   0.0000000e+00   2.9295729e+02   3.5776267e+02
   4.0000000e+02   3.0000000e+02   0.0000000e+00   2.8424837e+02   4.1852680e+02
   5.0000000e+02   3.0000000e+02   0.0000000e+00   2.7526988e+02   4.8401019e+02
   6.0000000e+02   3.0000000e+02   0.0000000e+00   2.6595972e+02   5.5407586e+02
   7.0000000e+02   3.0000000e+02   0.0000000e+00   2.5649633e+02   6.2878014e+02
   0.0000000e+00   2.0000000e+02   0.0000000e+00   2.5904389e+02   2.0334231e+02
   1.0000000e+02   2.0000000e+02   0.0000000e+00   2.4930157e+02   2.5203936e+02
   2.0000000e+02   2.0000000e+02   0.0000000e+00   2.3899707e+02   3.0416580e+02
   3.0000000e+02   2.0000000e+02   0.0000000e+00   2.2848386e+02   3.6043525e+02
   4.0000000e+02   2.0000000e+02   0.0000000e+00   2.1757799e+02   4.2037412e+02
   5.0000000e+02   2.0000000e+02   0.0000000e+00   2.0636348e+02   4.8488047e+02
   6.0000000e+02   2.0000000e+02   0.0000000e+00   1.9512726e+02   5.5386416e+02
   7.0000000e+02   2.0000000e+02   0.0000000e+00   1.8336449e+02   6.2747019e+02
   0.0000000e+00   1.0000000e+02   0.0000000e+00   2.0170354e+02   2.0731222e+02
   1.0000000e+02   1.0000000e+02   0.0000000e+00   1.9064526e+02   2.5572083e+02
   2.0000000e+02   1.0000000e+02   0.0000000e+00   1.7857788e+02   3.0733626e+02
   3.0000000e+02   1.0000000e+02   0.0000000e+00   1.6616098e+02   3.6281883e+02
   4.0000000e+02   1.0000000e+02   0.0000000e+00   1.5325799e+02   4.2209103e+02
   5.0000000e+02   1.0000000e+02   0.0000000e+00   1.4017594e+02   4.8570104e+02
   6.0000000e+02   1.0000000e+02   0.0000000e+00   1.2686923e+02   5.5361386e+02
   7.0000000e+02   1.0000000e+02   0.0000000e+00   1.1292440e+02   6.2567034e+02
   0.0000000e+00   0.0000000e+00   0.0000000e+00   1.4674178e+02   2.1104418e+02
   1.0000000e+02   0.0000000e+00   0.0000000e+00   1.3386193e+02   2.5919613e+02
   2.0000000e+02   0.0000000e+00   0.0000000e+00   1.2005693e+02   3.1053410e+02
   3.0000000e+02   0.0000000e+00   0.0000000e+00   1.0591167e+02   3.6511883e+02
   4.0000000e+02   0.0000000e+00   0.0000000e+00   9.1225906e+01   4.2383271e+02
   5.0000000e+02   0.0000000e+00   0.0000000e+00   7.6287915e+01   4.8645602e+02
   6.0000000e+02   0.0000000e+00   0.0000000e+00   6.0974538e+01   5.5356821e+02
   7.0000000e+02   0.0000000e+00   0.0000000e+00   4.4798797e+01   6.2485643e+02
