   0.0000000e+00   6.0000000e+02   0.0000000e+00   7.8338542e+02   2.0609435e+01
   1.0000000e+02   6.0000000e+02   0.0000000e+00   7.8767079e+02   1.0173739e+02
   2.0000000e+02   6.0000000e+02   0.0000000e+00   7.9166783e+02   1.8681646e+02
   3.0000000e+02   6.0000000e+02   0.0000000e+00   7.9547506e+02   2.7585991e+02
   4.0000000e+02   6.0000000e+02   0.0000000e+00   7.9822170e+02   3.6849724e+02
   5.0000000e+02   6.0000000e+02   0.0000000e+00   7.9996403e+02   4.6406606e+02
   6.0000000e+02   6.0000000e+02   0.0000000e+00   8.0071944e+02   5.6126868e+02
   7.0000000e+02   6.0000000e+02   0.0000000e+00   8.0049572e+02   6.5902852e+02
   0.0000000e+00   5.0000000e+02   0.0000000e+00   6.9956758e+02   4.2203155e+01
   1.0000000e+02   5.0000000e+02   0.0000000e+00   7.0235960e+02   1.1977720e+02
   2.0000000e+02   5.0000000e+02   0.0000000e+00   7.0483999e+02   2.0122277e+02
   3.0000000e+02   5.0000000e+02   0.0000000e+00   7.0678679e+02   2.8643747e+02
   4.0000000e+02   5.0000000e+02   0.0000000e+00   7.0820600e+02   3.7491764e+02
   5.0000000e+02   5.0000000e+02   0.0000000e+00   7.0903112e+02   4.6602026e+02
   6.0000000e+02   5.0000000e+02   0.0000000e+00   7.0879782e+02   5.5840313e+02
   7.0000000e+02   5.0000000e+02   0.0000000e+00   7.0774992e+02   6.5136563e+02
   0.0000000e+00   4.0000000e+02   0.0000000e+00   6.2374220e+02   6.2013544e+01
   1.0000000e+02   4.0000000e+02   0.0000000e+00   6.2468861e+02   1.3678673e+02
   2.0000000e+02   4.0000000e+02   0.0000000e+00   6.2548636e+02   2.1487237e+02
   3.0000000e+02   4.0000000e+02   0.0000000e+00   6.2598739e+02   2.9635164e+02
   4.0000000e+02   4.0000000e+02   0.0000000e+00   6.2622241e+02   3.8083100e+02
   5.0000000e+02   4.0000000e+02   0.0000000e+00   6.2605865e+02   4.6756810e+02
   6.0000000e+02   4.0000000e+02   0.0000000e+00   6.2531050e+02   5.5564898e+02
   7.0000000e+02   4.0000000e+02   0.0000000e+00   6.2420644e+02   6.4382090e+02
   0.0000000e+00   3.0000000e+02   0.0000000e+00   5.5354065e+02   8.1296752e+01
   1.0000000e+02   3.0000000e+02   0.0000000e+00   5.5341450e+02   1.5303895e+02
   2.0000000e+02   3.0000000e+02   0.0000000e+00   5.5273934e+02   2.2783301e+02
   3.0000000e+02   3.0000000e+02   0.0000000e+00   5.5221340e+02   3.0578591e+02
   4.0000000e+02   3.0000000e+02   0.0000000e+00   5.5149703e+02   3.8641891e+02
   5.0000000e+02   3.0000000e+02   0.0000000e+00   5.5043873e+02   4.6897462e+02
   6.0000000e+02   3.0000000e+02   0.0000000e+00   5.4919364e+02   5.5262694e+02
   7.0000000e+02   3.0000000e+02   0.0000000e+00   5.4745838e+02   6.3671136e+02
   0.0000000e+00   2.0000000e+02   0.0000000e+00   4.8989638e+02   9.9508181e+01
   1.0000000e+02   2.0000000e+02   0.0000000e+00   4.8828411e+02   1.6846993e+02
   2.0000000e+02   2.0000000e+02   0.0000000e+00   4.8650269e+02   2.4017249e+02
   3.0000000e+02   2.0000000e+02   0.0000000e+00   4.8522551e+02   3.1469819e+02
   4.0000000e+02   2.0000000e+02   0.0000000e+00   4.8345719e+02   3.9145420e+02
   5.0000000e+02   2.0000000e+02   0.0000000e+00   4.8191064e+02   4.6993624e+02
   6.0000000e+02   2.0000000e+02   0.0000000e+00   4.8038609e+02   5.4955646e+02
   7.0000000e+02   2.0000000e+02   0.0000000e+00   4.7863156e+02   6.2931089e+02
   0.0000000e+00   1.0000000e+02   0.0000000e+00   4.3101933e+02   1.1653721e+02
   1.0000000e+02   1.0000000e+02   0.0000000e+00   4.2904662e+02   1.8275659e+02
   2.0000000e+02   1.0000000e+02   0.0000000e+00   4.2644069e+02   2.5166909e+02
   3.0000000e+02   1.0000000e+02   0.0000000e+00   4.2428340e+02   3.2285346e+02
   4.0000000e+02   1.0000000e+02   0.0000000e+00   4.2185427e+02   3.9616186e+02
   5.0000000e+02   1.0000000e+02   0.0000000e+00   4.1997305e+02   4.7095034e+02
   6.0000000e+02   1.0000000e+02   0.0000000e+00   4.1827059e+02   5.4647861e+02
   7.0000000e+02   1.0000000e+02   0.0000000e+00   4.1641524e+02   6.2245764e+02
   0.0000000e+00   0.0000000e+00   0.0000000e+00   3.7769962e+02   1.3176752e+02
   1.0000000e+02   0.0000000e+00   0.0000000e+00   3.7485316e+02   1.9603795e+02
   2.0000000e+02   0.0000000e+00   0.0000000e+00   3.7182501e+02   2.6233949e+02
   3.0000000e+02   0.0000000e+00   0.0000000e+00   3.6904541e+02   3.3031959e+02
   4.0000000e+02   0.0000000e+00   0.0000000e+00   3.6613580e+02   4.0048240e+02
   5.0000000e+02   0.0000000e+00   0.0000000e+00   3.6390063e+02   4.7158820e+02
   6.0000000e+02   0.0000000e+00   0.0000000e+00   3.6206933e+02   5.4392820e+02
   7.0000000e+02   0.0000000e+00   0.0000000e+00   3.6019641e+02   6.1622749e+02
