   0.0000000e+00   9.0000000e+02   0.0000000e+00   9.2167885e+02   1.3967140e+01
   1.0000000e+02   9.0000000e+02   0.0000000e+00   9.2886725e+02   9.9433395e+01
   2.0000000e+02   9.0000000e+02   0.0000000e+00   9.3646422e+02   1.8693803e+02
   3.0000000e+02   9.0000000e+02   0.0000000e+00   9.4344192e+02   2.7599186e+02
   4.0000000e+02   9.0000000e+02   0.0000000e+00   9.4862044e+02   3.6838114e+02
   5.0000000e+02   9.0000000e+02   0.0000000e+00   9.5310671e+02   4.6120433e+02
   6.0000000e+02   9.0000000e+02   0.0000000e+00   9.5593501e+02   5.5478318e+02
   7.0000000e+02   9.0000000e+02   0.0000000e+00   9.5789902e+02   6.4761668e+02
   0.0000000e+00   8.0000000e+02   0.0000000e+00   8.3007046e+02   2.2154074e+01
   1.0000000e+02   8.0000000e+02   0.0000000e+00   8.3716597e+02   1.0541862e+02
   2.0000000e+02   8.0000000e+02   0.0000000e+00   8.4357532e+02   1.9215650e+02
   3.0000000e+02   8.0000000e+02   0.0000000e+00   8.4972526e+02   2.8069381e+02
   4.0000000e+02   8.0000000e+02   0.0000000e+00   8.5476176e+02   3.7187489e+02
   5.0000000e+02   8.0000000e+02   0.0000000e+00   8.5884710e+02   4.6432776e+02
   6.0000000e+02   8.0000000e+02   0.0000000e+00   8.6156820e+02   5.5695644e+02
   7.0000000e+02   8.0000000e+02   0.0000000e+00   8.6301424e+02   6.4849106e+02
   0.0000000e+00   7.0000000e+02   0.0000000e+00   7.4083424e+02   2.9862758e+01
   1.0000000e+02   7.0000000e+02   0.0000000e+00   7.4678005e+02   1.1224664e+02
   2.0000000e+02   7.0000000e+02   0.0000000e+00   7.5238660e+02   1.9744931e+02
   3.0000000e+02   7.0000000e+02   0.0000000e+00   7.5762600e+02   2.8546802e+02
   4.0000000e+02   7.0000000e+02   0.0000000e+00   7.6205843e+02   3.7565278e+02
   5.0000000e+02   7.0000000e+02   0.0000000e+00   7.6569314e+02   4.6709000e+02
   6.0000000e+02   7.0000000e+02   0.0000000e+00   7.6826018e+02   5.5862755e+02
   7.0000000e+02   7.0000000e+02   0.0000000e+00   7.6970242e+02   6.4932918e+02
   0.0000000e+00   6.0000000e+02   0.0000000e+00   6.5388847e+02   3.7837057e+01
   1.0000000e+02   6.0000000e+02   0.0000000e+00   6.5863162e+02   1.1936469e+02
   2.0000000e+02   6.0000000e+02   0.0000000e+00   6.6310729e+02   2.0328099e+02
   3.0000000e+02   6.0000000e+02   0.0000000e+00   6.6736998e+02   2.9027698e+02
   4.0000000e+02   6.0000000e+02   0.0000000e+00   6.7115430e+02   3.7936810e+02
   5.0000000e+02   6.0000000e+02   0.0000000e+00   6.7425740e+02   4.6975630e+02
   6.0000000e+02   6.0000000e+02   0.0000000e+00   6.7682746e+02   5.6017157e+02
   7.0000000e+02   6.0000000e+02   0.0000000e+00   6.7891421e+02   6.4939859e+02
   0.0000000e+00   5.0000000e+02   0.0000000e+00   5.6828736e+02   4.6885386e+01
   1.0000000e+02   5.0000000e+02   0.0000000e+00   5.7176433e+02   1.2688598e+02
   2.0000000e+02   5.0000000e+02   0.0000000e+00   5.7513352e+02   2.0985650e+02
   3.0000000e+02   5.0000000e+02   0.0000000e+00   5.7828791e+02   2.9545379e+02
   4.0000000e+02   5.0000000e+02   0.0000000e+00   5.8132602e+02   3.8319913e+02
   5.0000000e+02   5.0000000e+02   0.0000000e+00   5.8419533e+02   4.7216204e+02
   6.0000000e+02   5.0000000e+02   0.0000000e+00   5.8663612e+02   5.6114112e+02
   7.0000000e+02   5.0000000e+02   0.0000000e+00   5.8905793e+02   6.4901463e+02
   0.0000000e+00   4.0000000e+02   0.0000000e+00   4.8599174e+02   5.6241166e+01
   1.0000000e+02   4.0000000e+02   0.0000000e+00   4.8819083e+02   1.3512801e+02
   2.0000000e+02   4.0000000e+02   0.0000000e+00   4.9028028e+02   2.1687689e+02
   3.0000000e+02   4.0000000e+02   0.0000000e+00   4.9249605e+02   3.0095984e+02
   4.0000000e+02   4.0000000e+02   0.0000000e+00   4.9484150e+02   3.8714542e+02
   5.0000000e+02   4.0000000e+02   0.0000000e+00   4.9736502e+02   4.7426790e+02
   6.0000000e+02   4.0000000e+02   0.0000000e+00   4.9997083e+02   5.6159114e+02
   7.0000000e+02   4.0000000e+02   0.0000000e+00   5.0265355e+02   6.4772459e+02
   0.0000000e+00   3.0000000e+02   0.0000000e+00   4.0639833e+02   6.6679984e+01
   1.0000000e+02   3.0000000e+02   0.0000000e+00   4.0766778e+02   1.4402944e+02
   2.0000000e+02   3.0000000e+02   0.0000000e+00   4.0863536e+02   2.2427300e+02
   3.0000000e+02   3.0000000e+02   0.0000000e+00   4.1022791e+02   3.0670408e+02
   4.0000000e+02   3.0000000e+02   0.0000000e+00   4.1184108e+02   3.9090230e+02
   5.0000000e+02   3.0000000e+02   0.0000000e+00   4.1399142e+02   4.7622112e+02
   6.0000000e+02   3.0000000e+02   0.0000000e+00   4.1650967e+02   5.6141892e+02
   7.0000000e+02   3.0000000e+02   0.0000000e+00   4.1932077e+02   6.4564579e+02
   0.0000000e+00   2.0000000e+02   0.0000000e+00   3.3078754e+02   7.7554604e+01
   1.0000000e+02   2.0000000e+02   0.0000000e+00   3.3091110e+02   1.5340941e+02
   2.0000000e+02   2.0000000e+02   0.0000000e+00   3.3097406e+02   2.3188000e+02
   3.0000000e+02   2.0000000e+02   0.0000000e+00   3.3198528e+02   3.1246299e+02
   4.0000000e+02   2.0000000e+02   0.0000000e+00   3.3310483e+02   3.9464637e+02
   5.0000000e+02   2.0000000e+02   0.0000000e+00   3.3499053e+02   4.7780051e+02
   6.0000000e+02   2.0000000e+02   0.0000000e+00   3.3764169e+02   5.6084885e+02
   7.0000000e+02   2.0000000e+02   0.0000000e+00   3.4076108e+02   6.4321242e+02
   0.0000000e+00   1.0000000e+02   0.0000000e+00   2.5881591e+02   8.8406202e+01
   1.0000000e+02   1.0000000e+02   0.0000000e+00   2.5838325e+02   1.6311257e+02
   2.0000000e+02   1.0000000e+02   0.0000000e+00   2.5795445e+02   2.3971799e+02
   3.0000000e+02   1.0000000e+02   0.0000000e+00   2.5816361e+02   3.1831177e+02
   4.0000000e+02   1.0000000e+02   0.0000000e+00   2.5901256e+02   3.9833467e+02
   5.0000000e+02   1.0000000e+02   0.0000000e+00   2.6067218e+02   4.7902998e+02
   6.0000000e+02   1.0000000e+02   0.0000000e+00   2.6324685e+02   5.5989492e+02
   7.0000000e+02   1.0000000e+02   0.0000000e+00   2.6631444e+02   6.3998931e+02
   0.0000000e+00   0.0000000e+00   0.0000000e+00   1.9029864e+02   9.8997633e+01
   1.0000000e+02   0.0000000e+00   0.0000000e+00   1.8983349e+02   1.7219435e+02
   2.0000000e+02   0.0000000e+00   0.0000000e+00   1.8860387e+02   2.4736197e+02
   3.0000000e+02   0.0000000e+00   0.0000000e+00   1.8865237e+02   3.2385623e+02
   4.0000000e+02   0.0000000e+00   0.0000000e+00   1.8910091e+02   4.0192599e+02
   5.0000000e+02   0.0000000e+00   0.0000000e+00   1.9068890e+02   4.8035408e+02
   6.0000000e+02   0.0000000e+00   0.0000000e+00   1.9325759e+02   5.5914069e+02
   7.0000000e+02   0.0000000e+00   0.0000000e+00   1.9622511e+02   6.3727320e+02
