   0.0000000e+00   6.0000000e+02   0.0000000e+00   7.8319451e+02   1.7407098e+02
   1.0000000e+02   6.0000000e+02   0.0000000e+00   7.7711543e+02   2.3785885e+02
   2.0000000e+02   6.0000000e+02   0.0000000e+00   7.7160496e+02   3.0398643e+02
   3.0000000e+02   6.0000000e+02   0.0000000e+00   7.6552177e+02   3.7169713e+02
   4.0000000e+02   6.0000000e+02   0.0000000e+00   7.5722170e+02   4.4170887e+02
   5.0000000e+02   6.0000000e+02   0.0000000e+00   7.4877313e+02   5.1226291e+02
   6.0000000e+02   6.0000000e+02   0.0000000e+00   7.3978018e+02   5.8381592e+02
   7.0000000e+02   6.0000000e+02   0.0000000e+00   7.3014716e+02   6.5519155e+02
   0.0000000e+00   5.0000000e+02   0.0000000e+00   7.3208179e+02   1.5195336e+02
   1.0000000e+02   5.0000000e+02   0.0000000e+00   7.2588452e+02   2.1785651e+02
   2.0000000e+02   5.0000000e+02   0.0000000e+00   7.1839408e+02   2.8656847e+02
   3.0000000e+02   5.0000000e+02   0.0000000e+00   7.1152135e+02   3.5727669e+02
   4.0000000e+02   5.0000000e+02   0.0000000e+00   7.0255376e+02   4.2991593e+02
   5.0000000e+02   5.0000000e+02   0.0000000e+00   6.9386307e+02   5.0383185e+02
   6.0000000e+02   5.0000000e+02   0.0000000e+00   6.8438716e+02   5.7849626e+02
   7.0000000e+02   5.0000000e+02   0.0000000e+00   6.7353717e+02   6.5278989e+02
   0.0000000e+00   4.0000000e+02   0.0000000e+00   6.7662245e+02   1.2841129e+02
   1.0000000e+02   4.0000000e+02   0.0000000e+00   6.6925142e+02   1.9668933e+02
   2.0000000e+02   4.0000000e+02   0.0000000e+00   6.6101475e+02   2.6786614e+02
   3.0000000e+02   4.0000000e+02   0.0000000e+00   6.5224462e+02   3.4154292e+02
   4.0000000e+02   4.0000000e+02   0.0000000e+00   6.4288633e+02   4.1719006e+02
   5.0000000e+02   4.0000000e+02   0.0000000e+00   6.3347742e+02   4.9429035e+02
   6.0000000e+02   4.0000000e+02   0.0000000e+00   6.2260684e+02   5.7218764e+02
   7.0000000e+02   4.0000000e+02   0.0000000e+00   6.1131910e+02   6.5005792e+02
   0.0000000e+00   3.0000000e+02   0.0000000e+00   6.1701338e+02   1.0360398e+02
   1.0000000e+02   3.0000000e+02   0.0000000e+00   6.0779560e+02   1.7430687e+02
   2.0000000e+02   3.0000000e+02   0.0000000e+00   5.9827892e+02   2.4798621e+02
   3.0000000e+02   3.0000000e+02   0.0000000e+00   5.8832269e+02   3.2447703e+02
   4.0000000e+02   3.0000000e+02   0.0000000e+00   5.7787099e+02   4.0336370e+02
   5.0000000e+02   3.0000000e+02   0.0000000e+00   5.6713583e+02   4.8396485e+02
   6.0000000e+02   3.0000000e+02   0.0000000e+00   5.5560977e+02   5.6538701e+02
   7.0000000e+02   3.0000000e+02   0.0000000e+00   5.4427533e+02   6.4659083e+02
   0.0000000e+00   2.0000000e+02   0.0000000e+00   5.5143868e+02   7.7077464e+01
   1.0000000e+02   2.0000000e+02   0.0000000e+00   5.4055381e+02   1.5024721e+02
   2.0000000e+02   2.0000000e+02   0.0000000e+00   5.2938693e+02   2.2661241e+02
   3.0000000e+02   2.0000000e+02   0.0000000e+00   5.1788808e+02   3.0611696e+02
   4.0000000e+02   2.0000000e+02   0.0000000e+00   5.0621168e+02   3.8821895e+02
   5.0000000e+02   2.0000000e+02   0.0000000e+00   4.9413684e+02   4.7236881e+02
   6.0000000e+02   2.0000000e+02   0.0000000e+00   4.8199781e+02   5.5727090e+02
   7.0000000e+02   2.0000000e+02   0.0000000e+00   4.6975162e+02   6.4238507e+02
   0.0000000e+00   1.0000000e+02   0.0000000e+00   4.8078554e+02   4.9304971e+01
   1.0000000e+02   1.0000000e+02   0.0000000e+00   4.6793210e+02   1.2498219e+02
   2.0000000e+02   1.0000000e+02   0.0000000e+00   4.5475560e+02   2.0412332e+02
   3.0000000e+02   1.0000000e+02   0.0000000e+00   4.4150996e+02   2.8650854e+02
   4.0000000e+02   1.0000000e+02   0.0000000e+00   4.2833601e+02   3.7199462e+02
   5.0000000e+02   1.0000000e+02   0.0000000e+00   4.1509201e+02   4.5959747e+02
   6.0000000e+02   1.0000000e+02   0.0000000e+00   4.0203774e+02   5.4822752e+02
   7.0000000e+02   1.0000000e+02   0.0000000e+00   3.8951717e+02   6.3701806e+02
   0.0000000e+00   0.0000000e+00   0.0000000e+00   4.0417153e+02   2.0642121e+01
   1.0000000e+02   0.0000000e+00   0.0000000e+00   3.8934984e+02   9.8612148e+01
   2.0000000e+02   0.0000000e+00   0.0000000e+00   3.7408596e+02   1.8025894e+02
   3.0000000e+02   0.0000000e+00   0.0000000e+00   3.5879940e+02   2.6570458e+02
   4.0000000e+02   0.0000000e+00   0.0000000e+00   3.4393409e+02   3.5445224e+02
   5.0000000e+02   0.0000000e+00   0.0000000e+00   3.2940060e+02   4.4558328e+02
   6.0000000e+02   0.0000000e+00   0.0000000e+00   3.1545117e+02   5.3787526e+02
   7.0000000e+02   0.0000000e+00   0.0000000e+00   3.0195423e+02   6.3035223e+02
