   0.0000000e+00   6.0000000e+02   0.0000000e+00   9.1997555e+02   1.0964846e+02
   1.0000000e+02   6.0000000e+02   0.0000000e+00   9.2453771e+02   1.7825585e+02
   2.0000000e+02   6.0000000e+02   0.0000000e+00   9.3028559e+02   2.4888633e+02
   3.0000000e+02   6.0000000e+02   0.0000000e+00   9.3540994e+02   3.2114300e+02
   4.0000000e+02   6.0000000e+02   0.0000000e+00   9.3772555e+02   3.9596654e+02
   5.0000000e+02   6.0000000e+02   0.0000000e+00   9.4037978e+02   4.7174198e+02
   6.0000000e+02   6.0000000e+02   0.0000000e+00   9.4220145e+02   5.4861720e+02
   7.0000000e+02   6.0000000e+02   0.0000000e+00   9.4315209e+02   6.2573280e+02
   0.0000000e+00   5.0000000e+02   0.0000000e+00   8.6557522e+02   9.4816082e+01
   1.0000000e+02   5.0000000e+02   0.0000000e+00   8.7084146e+02   1.6509349e+02
   2.0000000e+02   5.0000000e+02   0.0000000e+00   8.7486515e+02   2.3864443e+02
   3.0000000e+02   5.0000000e+02   0.0000000e+00   8.7956312e+02   3.1385615e+02
   4.0000000e+02   5.0000000e+02   0.0000000e+00   8.8199030e+02   3.9159530e+02
   5.0000000e+02   5.0000000e+02   0.0000000e+00   8.8503103e+02   4.7068539e+02
   6.0000000e+02   5.0000000e+02   0.0000000e+00   8.8648111e+02   5.5082885e+02
   7.0000000e+02   5.0000000e+02   0.0000000e+00   8.8598850e+02   6.3097998e+02
   0.0000000e+00   4.0000000e+02   0.0000000e+00   8.0638074e+02   7.8553139e+01
   1.0000000e+02   4.0000000e+02   0.0000000e+00   8.1127096e+02   1.5156417e+02
   2.0000000e+02   4.0000000e+02   0.0000000e+00   8.1501264e+02   2.2748855e+02
   3.0000000e+02   4.0000000e+02   0.0000000e+00   8.1845950e+02   3.0597948e+02
   4.0000000e+02   4.0000000e+02   0.0000000e+00   8.2147691e+02   3.8690027e+02
   5.0000000e+02   4.0000000e+02   0.0000000e+00   8.2394560e+02   4.6943997e+02
   6.0000000e+02   4.0000000e+02   0.0000000e+00   8.2433238e+02   5.5311745e+02
   7.0000000e+02   4.0000000e+02   0.0000000e+00   8.2393837e+02   6.3701150e+02
   0.0000000e+00   3.0000000e+02   0.0000000e+00   7.4336577e+02   6.1805190e+01
   1.0000000e+02   3.0000000e+02   0.0000000e+00   7.4655282e+02   1.3724471e+02
   2.0000000e+02   3.0000000e+02   0.0000000e+00   7.4975121e+02   2.1574906e+02
   3.0000000e+02   3.0000000e+02   0.0000000e+00   7.5280594e+02   2.9752095e+02
   4.0000000e+02   3.0000000e+02   0.0000000e+00   7.5530337e+02   3.8191522e+02
   5.0000000e+02   3.0000000e+02   0.0000000e+00   7.5677037e+02   4.6816919e+02
   6.0000000e+02   3.0000000e+02   0.0000000e+00   7.5705977e+02   5.5551463e+02
   7.0000000e+02   3.0000000e+02   0.0000000e+00   7.5695717e+02   6.4295174e+02
   0.0000000e+00   2.0000000e+02   0.0000000e+00   6.7358815e+02   4.3953214e+01
   1.0000000e+02   2.0000000e+02   0.0000000e+00   6.7598199e+02   1.2201669e+02
   2.0000000e+02   2.0000000e+02   0.0000000e+00   6.7807361e+02   2.0338999e+02
   3.0000000e+02   2.0000000e+02   0.0000000e+00   6.8016860e+02   2.8832952e+02
   4.0000000e+02   2.0000000e+02   0.0000000e+00   6.8169904e+02   3.7629361e+02
   5.0000000e+02   2.0000000e+02   0.0000000e+00   6.8268220e+02   4.6650564e+02
   6.0000000e+02   2.0000000e+02   0.0000000e+00   6.8280770e+02   5.5788787e+02
   7.0000000e+02   2.0000000e+02   0.0000000e+00   6.8222665e+02   6.4943987e+02
   0.0000000e+00   1.0000000e+02   0.0000000e+00   5.9749520e+02   3.1241698e+01
   1.0000000e+02   1.0000000e+02   0.0000000e+00   5.9859050e+02   1.1184889e+02
   2.0000000e+02   1.0000000e+02   0.0000000e+00   5.9964571e+02   1.9584478e+02
   3.0000000e+02   1.0000000e+02   0.0000000e+00   6.0081582e+02   2.7878051e+02
   4.0000000e+02   1.0000000e+02   0.0000000e+00   6.0148551e+02   3.7054207e+02
   5.0000000e+02   1.0000000e+02   0.0000000e+00   6.0167902e+02   4.6470348e+02
   6.0000000e+02   1.0000000e+02   0.0000000e+00   6.0148479e+02   5.6025681e+02
   7.0000000e+02   1.0000000e+02   0.0000000e+00   6.0114057e+02   6.5549412e+02
   0.0000000e+00   0.0000000e+00   0.0000000e+00   5.1713377e+02   1.4047129e+01
   1.0000000e+02   0.0000000e+00   0.0000000e+00   5.1640923e+02   9.7152240e+01
   2.0000000e+02   0.0000000e+00   0.0000000e+00   5.1594462e+02   1.8392107e+02
   3.0000000e+02   0.0000000e+00   0.0000000e+00   5.1546723e+02   2.7447195e+02
   4.0000000e+02   0.0000000e+00   0.0000000e+00   5.1361678e+02   3.6441245e+02
   5.0000000e+02   0.0000000e+00   0.0000000e+00   5.1300171e+02   4.6252346e+02
   6.0000000e+02   0.0000000e+00   0.0000000e+00   5.1232549e+02   5.6208689e+02
   7.0000000e+02   0.0000000e+00   0.0000000e+00   5.1158841e+02   6.6164366e+02
