   0.0000000e+00   9.0000000e+02   0.0000000e+00   7.4144260e+02   6.9148831e+01
   1.0000000e+02   9.0000000e+02   0.0000000e+00   7.4355759e+02   1.5297186e+02
   2.0000000e+02   9.0000000e+02   0.0000000e+00   7.4568169e+02   2.3608011e+02
   3.0000000e+02   9.0000000e+02   0.0000000e+00   7.4731353e+02   3.1777512e+02
   4.0000000e+02   9.0000000e+02   0.0000000e+00   7.4750629e+02   3.9807389e+02
   5.0000000e+02   9.0000000e+02   0.0000000e+00   7.4736224e+02   4.7558332e+02
   6.0000000e+02   9.0000000e+02   0.0000000e+00   7.4635286e+02   5.5059531e+02
   7.0000000e+02   9.0000000e+02   0.0000000e+00   7.4530276e+02   6.2166636e+02
   0.0000000e+00   8.0000000e+02   0.0000000e+00   6.5782150e+02   7.1947815e+01
   1.0000000e+02   8.0000000e+02   0.0000000e+00   6.6101304e+02   1.5559520e+02
   2.0000000e+02   8.0000000e+02   0.0000000e+00   6.6352255e+02   2.3874637e+02
   3.0000000e+02   8.0000000e+02   0.0000000e+00   6.6580188e+02   3.2065437e+02
   4.0000000e+02   8.0000000e+02   0.0000000e+00   6.6749257e+02   4.0083975e+02
   5.0000000e+02   8.0000000e+02   0.0000000e+00   6.6878426e+02   4.7877672e+02
   6.0000000e+02   8.0000000e+02   0.0000000e+00   6.6945043e+02   5.5371129e+02
   7.0000000e+02   8.0000000e+02   0.0000000e+00   6.6975971e+02   6.2451973e+02
   0.0000000e+00   7.0000000e+02   0.0000000e+00   5.7402200e+02   7.5715892e+01
   1.0000000e+02   7.0000000e+02   0.0000000e+00   5.7769386e+02   1.5918208e+02
   2.0000000e+02   7.0000000e+02   0.0000000e+00   5.8122619e+02   2.4196549e+02
   3.0000000e+02   7.0000000e+02   0.0000000e+00   5.8433017e+02   3.2375484e+02
   4.0000000e+02   7.0000000e+02   0.0000000e+00   5.8730722e+02   4.0386539e+02
   5.0000000e+02   7.0000000e+02   0.0000000e+00   5.8980115e+02   4.8156024e+02
   6.0000000e+02   7.0000000e+02   0.0000000e+00   5.9212870e+02   5.5602008e+02
   7.0000000e+02   7.0000000e+02   0.0000000e+00   5.9392349e+02   6.2688027e+02
   0.0000000e+00   6.0000000e+02   0.0000000e+00   4.9139786e+02   8.0408320e+01
   1.0000000e+02   6.0000000e+02   0.0000000e+00   4.9548306e+02   1.6349072e+02
   2.0000000e+02   6.0000000e+02   0.0000000e+00   4.9947985e+02   2.4582128e+02
   3.0000000e+02   6.0000000e+02   0.0000000e+00   5.0354092e+02   3.2723205e+02
   4.0000000e+02   6.0000000e+02   0.0000000e+00   5.0756143e+02   4.0688625e+02
   5.0000000e+02   6.0000000e+02   0.0000000e+00   5.1158152e+02   4.8411996e+02
   6.0000000e+02   6.0000000e+02   0.0000000e+00   5.1545552e+02   5.5813049e+02
   7.0000000e+02   6.0000000e+02   0.0000000e+00   5.1906418e+02   6.2847333e+02
   0.0000000e+00   5.0000000e+02   0.0000000e+00   4.0878481e+02   8.6242602e+01
   1.0000000e+02   5.0000000e+02   0.0000000e+00   4.1353341e+02   1.6863273e+02
   2.0000000e+02   5.0000000e+02   0.0000000e+00   4.1829730e+02   2.5031196e+02
   3.0000000e+02   5.0000000e+02   0.0000000e+00   4.2316179e+02   3.3103673e+02
   4.0000000e+02   5.0000000e+02   0.0000000e+00   4.2839605e+02   4.1003457e+02
   5.0000000e+02   5.0000000e+02   0.0000000e+00   4.3369848e+02   4.8642802e+02
   6.0000000e+02   5.0000000e+02   0.0000000e+00   4.3906596e+02   5.5999356e+02
   7.0000000e+02   5.0000000e+02   0.0000000e+00   4.4434127e+02   6.2980802e+02
   0.0000000e+00   4.0000000e+02   0.0000000e+00   3.2858881e+02   9.2578367e+01
   1.0000000e+02   4.0000000e+02   0.0000000e+00   3.3391561e+02   1.7431510e+02
   2.0000000e+02   4.0000000e+02   0.0000000e+00   3.3928004e+02   2.5515863e+02
   3.0000000e+02   4.0000000e+02   0.0000000e+00   3.4510592e+02   3.3488175e+02
   4.0000000e+02   4.0000000e+02   0.0000000e+00   3.5134134e+02   4.1294070e+02
   5.0000000e+02   4.0000000e+02   0.0000000e+00   3.5795937e+02   4.8859890e+02
   6.0000000e+02   4.0000000e+02   0.0000000e+00   3.6464847e+02   5.6140445e+02
   7.0000000e+02   4.0000000e+02   0.0000000e+00   3.7156209e+02   6.3070585e+02
   0.0000000e+00   3.0000000e+02   0.0000000e+00   2.5032049e+02   9.9854993e+01
   1.0000000e+02   3.0000000e+02   0.0000000e+00   2.5642284e+02   1.8067333e+02
   2.0000000e+02   3.0000000e+02   0.0000000e+00   2.6248311e+02   2.6049449e+02
   3.0000000e+02   3.0000000e+02   0.0000000e+00   2.6929850e+02   3.3909072e+02
   4.0000000e+02   3.0000000e+02   0.0000000e+00   2.7643490e+02   4.1595514e+02
   5.0000000e+02   3.0000000e+02   0.0000000e+00   2.8410692e+02   4.9052532e+02
   6.0000000e+02   3.0000000e+02   0.0000000e+00   2.9213846e+02   5.6231499e+02
   7.0000000e+02   3.0000000e+02   0.0000000e+00   3.0015889e+02   6.3094768e+02
   0.0000000e+00   2.0000000e+02   0.0000000e+00   1.7491438e+02   1.0749897e+02
   1.0000000e+02   2.0000000e+02   0.0000000e+00   1.8169925e+02   1.8730304e+02
   2.0000000e+02   2.0000000e+02   0.0000000e+00   1.8837794e+02   2.6582079e+02
   3.0000000e+02   2.0000000e+02   0.0000000e+00   1.9612574e+02   3.4323688e+02
   4.0000000e+02   2.0000000e+02   0.0000000e+00   2.0423282e+02   4.1890530e+02
   5.0000000e+02   2.0000000e+02   0.0000000e+00   2.1287515e+02   4.9227901e+02
   6.0000000e+02   2.0000000e+02   0.0000000e+00   2.2218551e+02   5.6303084e+02
   7.0000000e+02   2.0000000e+02   0.0000000e+00   2.3147278e+02   6.3109323e+02
   0.0000000e+00   1.0000000e+02   0.0000000e+00   1.0176846e+02   1.1517464e+02
   1.0000000e+02   1.0000000e+02   0.0000000e+00   1.0970863e+02   1.9377838e+02
   2.0000000e+02   1.0000000e+02   0.0000000e+00   1.1747766e+02   2.7132961e+02
   3.0000000e+02   1.0000000e+02   0.0000000e+00   1.2592993e+02   3.4733271e+02
   4.0000000e+02   1.0000000e+02   0.0000000e+00   1.3489784e+02   4.2170753e+02
   5.0000000e+02   1.0000000e+02   0.0000000e+00   1.4459680e+02   4.9386181e+02
   6.0000000e+02   1.0000000e+02   0.0000000e+00   1.5464197e+02   5.6348256e+02
   7.0000000e+02   1.0000000e+02   0.0000000e+00   1.6468251e+02   6.3024186e+02
   0.0000000e+00   0.0000000e+00   0.0000000e+00   3.0419256e+01   1.2204320e+02
   1.0000000e+02   0.0000000e+00   0.0000000e+00   3.9983172e+01   2.0014311e+02
   2.0000000e+02   0.0000000e+00   0.0000000e+00   4.8629469e+01   2.7666071e+02
   3.0000000e+02   0.0000000e+00   0.0000000e+00   5.8198803e+01   3.5141293e+02
   4.0000000e+02   0.0000000e+00   0.0000000e+00   6.7909923e+01   4.2465391e+02
   5.0000000e+02   0.0000000e+00   0.0000000e+00   7.8453595e+01   4.9558450e+02
   6.0000000e+02   0.0000000e+00   0.0000000e+00   8.9518312e+01   5.6418913e+02
   7.0000000e+02   0.0000000e+00   0.0000000e+00   1.0047141e+02   6.3022376e+02
