   0.0000000e+00   9.0000000e+02   0.0000000e+00   7.8057888e+02   9.3728963e+01
   1.0000000e+02   9.0000000e+02   0.0000000e+00   7.9123268e+02   1.5607057e+02
   2.0000000e+02   9.0000000e+02   0.0000000e+00   8.0308406e+02   2.2289604e+02
   3.0000000e+02   9.0000000e+02   0.0000000e+00   8.1494146e+02   2.9456422e+02
   4.0000000e+02   9.0000000e+02   0.0000000e+00   8.2636334e+02   3.7378317e+02
   5.0000000e+02   9.0000000e+02   0.0000000e+00   8.3789320e+02   4.5738264e+02
   6.0000000e+02   9.0000000e+02   0.0000000e+00   8.4931913e+02   5.4642818e+02
   7.0000000e+02   9.0000000e+02   0.0000000e+00   8.6025536e+02   6.4042180e+02
   0.0000000e+00   8.0000000e+02   0.0000000e+00   7.0529630e+02   9.4964805e+01
   1.0000000e+02   8.0000000e+02   0.0000000e+00   7.1362064e+02   1.5678079e+02
   2.0000000e+02   8.0000000e+02   0.0000000e+00   7.2215532e+02   2.2468443e+02
   3.0000000e+02   8.0000000e+02   0.0000000e+00   7.3143122e+02   2.9712838e+02
   4.0000000e+02   8.0000000e+02   0.0000000e+00   7.4030168e+02   3.7625157e+02
   5.0000000e+02   8.0000000e+02   0.0000000e+00   7.4951222e+02   4.6034970e+02
   6.0000000e+02   8.0000000e+02   0.0000000e+00   7.5813532e+02   5.5013431e+02
   7.0000000e+02   8.0000000e+02   0.0000000e+00   7.6624541e+02   6.4480091e+02
   0.0000000e+00   7.0000000e+02   0.0000000e+00   6.2911526e+02   9.6690936e+01
   1.0000000e+02   7.0000000e+02   0.0000000e+00   6.3476291e+02   1.5877663e+02
   2.0000000e+02   7.0000000e+02   0.0000000e+00   6.4062818e+02   2.2662091e+02
   3.0000000e+02   7.0000000e+02   0.0000000e+00   6.4655025e+02   2.9987945e+02
   4.0000000e+02   7.0000000e+02   0.0000000e+00   6.5289434e+02   3.7889494e+02
   5.0000000e+02   7.0000000e+02   0.0000000e+00   6.5921182e+02   4.6340430e+02
   6.0000000e+02   7.0000000e+02   0.0000000e+00   6.6505917e+02   5.5382389e+02
   7.0000000e+02   7.0000000e+02   0.0000000e+00   6.7046002e+02   6.4869289e+02
   0.0000000e+00   6.0000000e+02   0.0000000e+00   5.5345345e+02   9.8724899e+01
   1.0000000e+02   6.0000000e+02   0.0000000e+00   5.5610294e+02   1.6145630e+02
   2.0000000e+02   6.0000000e+02   0.0000000e+00   5.5875590e+02   2.2926544e+02
   3.0000000e+02   6.0000000e+02   0.0000000e+00   5.6198507e+02   3.0242472e+02
   4.0000000e+02   6.0000000e+02   0.0000000e+00   5.6517909e+02   3.8163347e+02
   5.0000000e+02   6.0000000e+02   0.0000000e+00   5.6833876e+02   4.6647378e+02
   6.0000000e+02   6.0000000e+02   0.0000000e+00   5.7151916e+02   5.5679664e+02
   7.0000000e+02   6.0000000e+02   0.0000000e+00   5.7467930e+02   6.5152942e+02
   0.0000000e+00   5.0000000e+02   0.0000000e+00   4.7670297e+02   1.0199886e+02
   1.0000000e+02   5.0000000e+02   0.0000000e+00   4.7665193e+02   1.6479912e+02
   2.0000000e+02   5.0000000e+02   0.0000000e+00   4.7662197e+02   2.3245486e+02
   3.0000000e+02   5.0000000e+02   0.0000000e+00   4.7653951e+02   3.0559099e+02
   4.0000000e+02   5.0000000e+02   0.0000000e+00   4.7675352e+02   3.8451615e+02
   5.0000000e+02   5.0000000e+02   0.0000000e+00   4.7707696e+02   4.6932703e+02
   6.0000000e+02   5.0000000e+02   0.0000000e+00   4.7755071e+02   5.5905648e+02
   7.0000000e+02   5.0000000e+02   0.0000000e+00   4.7817738e+02   6.5344943e+02
   0.0000000e+00   4.0000000e+02   0.0000000e+00   4.0185895e+02   1.0589285e+02
   1.0000000e+02   4.0000000e+02   0.0000000e+00   3.9870728e+02   1.6866707e+02
   2.0000000e+02   4.0000000e+02   0.0000000e+00   3.9582473e+02   2.3623162e+02
   3.0000000e+02   4.0000000e+02   0.0000000e+00   3.9283322e+02   3.0927539e+02
   4.0000000e+02   4.0000000e+02   0.0000000e+00   3.8997538e+02   3.8770853e+02
   5.0000000e+02   4.0000000e+02   0.0000000e+00   3.8760838e+02   4.7172531e+02
   6.0000000e+02   4.0000000e+02   0.0000000e+00   3.8548008e+02   5.6083827e+02
   7.0000000e+02   4.0000000e+02   0.0000000e+00   3.8357275e+02   6.5435574e+02
   0.0000000e+00   3.0000000e+02   0.0000000e+00   3.2759843e+02   1.1128990e+02
   1.0000000e+02   3.0000000e+02   0.0000000e+00   3.2218876e+02   1.7340713e+02
   2.0000000e+02   3.0000000e+02   0.0000000e+00   3.1639431e+02   2.4056861e+02
   3.0000000e+02   3.0000000e+02   0.0000000e+00   3.1081585e+02   3.1312270e+02
   4.0000000e+02   3.0000000e+02   0.0000000e+00   3.0535923e+02   3.9084257e+02
   5.0000000e+02   3.0000000e+02   0.0000000e+00   3.0022975e+02   4.7380765e+02
   6.0000000e+02   3.0000000e+02   0.0000000e+00   2.9548463e+02   5.6198007e+02
   7.0000000e+02   3.0000000e+02   0.0000000e+00   2.9086745e+02   6.5444710e+02
   0.0000000e+00   2.0000000e+02   0.0000000e+00   2.5525246e+02   1.1639317e+02
   1.0000000e+02   2.0000000e+02   0.0000000e+00   2.4763596e+02   1.7854569e+02
   2.0000000e+02   2.0000000e+02   0.0000000e+00   2.3932035e+02   2.4520797e+02
   3.0000000e+02   2.0000000e+02   0.0000000e+00   2.3147935e+02   3.1730897e+02
   4.0000000e+02   2.0000000e+02   0.0000000e+00   2.2346345e+02   3.9390894e+02
   5.0000000e+02   2.0000000e+02   0.0000000e+00   2.1581976e+02   4.7583385e+02
   6.0000000e+02   2.0000000e+02   0.0000000e+00   2.0884818e+02   5.6251108e+02
   7.0000000e+02   2.0000000e+02   0.0000000e+00   2.0223675e+02   6.5379608e+02
   0.0000000e+00   1.0000000e+02   0.0000000e+00   1.8475371e+02   1.2193543e+02
   1.0000000e+02   1.0000000e+02   0.0000000e+00   1.7529505e+02   1.8385053e+02
   2.0000000e+02   1.0000000e+02   0.0000000e+00   1.6502558e+02   2.5015147e+02
   3.0000000e+02   1.0000000e+02   0.0000000e+00   1.5474983e+02   3.2116171e+02
   4.0000000e+02   1.0000000e+02   0.0000000e+00   1.4457395e+02   3.9685148e+02
   5.0000000e+02   1.0000000e+02   0.0000000e+00   1.3502753e+02   4.7760058e+02
   6.0000000e+02   1.0000000e+02   0.0000000e+00   1.2579711e+02   5.6297607e+02
   7.0000000e+02   1.0000000e+02   0.0000000e+00   1.1676240e+02   6.5252975e+02
   0.0000000e+00   0.0000000e+00   0.0000000e+00   1.1631947e+02   1.2738185e+02
   1.0000000e+02   0.0000000e+00   0.0000000e+00   1.0513000e+02   1.8914503e+02
   2.0000000e+02   0.0000000e+00   0.0000000e+00   9.2759901e+01   2.5493205e+02
   3.0000000e+02   0.0000000e+00   0.0000000e+00   8.0758222e+01   3.2500877e+02
   4.0000000e+02   0.0000000e+00   0.0000000e+00   6.8615625e+01   3.9990779e+02
   5.0000000e+02   0.0000000e+00   0.0000000e+00   5.7091550e+01   4.7947986e+02
   6.0000000e+02   0.0000000e+00   0.0000000e+00   4.5671859e+01   5.6358508e+02
   7.0000000e+02   0.0000000e+00   0.0000000e+00   3.4204092e+01   6.5207339e+02
