   0.0000000e+00   8.0000000e+02   0.0000000e+00   9.5585869e+02   4.5029227e+01
   1.0000000e+02   8.0000000e+02   0.0000000e+00   9.6314365e+02   1.2355380e+02
   2.0000000e+02   8.0000000e+02   0.0000000e+00   9.6940236e+02   2.0556875e+02
   3.0000000e+02   8.0000000e+02   0.0000000e+00   9.7598820e+02   2.8974991e+02
   4.0000000e+02   8.0000000e+02   0.0000000e+00   9.8110383e+02   3.7704843e+02
   5.0000000e+02   8.0000000e+02   0.0000000e+00   9.8565131e+02   4.6606872e+02
   6.0000000e+02   8.0000000e+02   0.0000000e+00   9.8893282e+02   5.5668528e+02
   7.0000000e+02   8.0000000e+02   0.0000000e+00   9.9057796e+02   6.4788853e+02
   0.0000000e+00   7.0000000e+02   0.0000000e+00   8.7054343e+02   4.8087133e+01
   1.0000000e+02   7.0000000e+02   0.0000000e+00   8.7670601e+02   1.2581992e+02
   2.0000000e+02   7.0000000e+02   0.0000000e+00   8.8266023e+02   2.0698662e+02
   3.0000000e+02   7.0000000e+02   0.0000000e+00   8.8772811e+02   2.9116568e+02
   4.0000000e+02   7.0000000e+02   0.0000000e+00   8.9231445e+02   3.7790679e+02
   5.0000000e+02   7.0000000e+02   0.0000000e+00   8.9596100e+02   4.6686022e+02
   6.0000000e+02   7.0000000e+02   0.0000000e+00   8.9783190e+02   5.5727752e+02
   7.0000000e+02   7.0000000e+02   0.0000000e+00   8.9902619e+02   6.4812498e+02
   0.0000000e+00   6.0000000e+02   0.0000000e+00   7.8678088e+02   5.1051009e+01
   1.0000000e+02   6.0000000e+02   0.0000000e+00   7.9160823e+02   1.2815950e+02
   2.0000000e+02   6.0000000e+02   0.0000000e+00   7.9628492e+02   2.0864447e+02
   3.0000000e+02   6.0000000e+02   0.0000000e+00   8.0056066e+02   2.9241852e+02
   4.0000000e+02   6.0000000e+02   0.0000000e+00   8.0394979e+02   3.7901523e+02
   5.0000000e+02   6.0000000e+02   0.0000000e+00   8.0659766e+02   4.6789804e+02
   6.0000000e+02   6.0000000e+02   0.0000000e+00   8.0818905e+02   5.5780101e+02
   7.0000000e+02   6.0000000e+02   0.0000000e+00   8.0885260e+02   6.4804648e+02
   0.0000000e+00   5.0000000e+02   0.0000000e+00   7.0275288e+02   5.4078950e+01
   1.0000000e+02   5.0000000e+02   0.0000000e+00   7.0631393e+02   1.3077108e+02
   2.0000000e+02   5.0000000e+02   0.0000000e+00   7.0956724e+02   2.1073807e+02
   3.0000000e+02   5.0000000e+02   0.0000000e+00   7.1254759e+02   2.9395230e+02
   4.0000000e+02   5.0000000e+02   0.0000000e+00   7.1502836e+02   3.8029822e+02
   5.0000000e+02   5.0000000e+02   0.0000000e+00   7.1674640e+02   4.6865658e+02
   6.0000000e+02   5.0000000e+02   0.0000000e+00   7.1772008e+02   5.5815045e+02
   7.0000000e+02   5.0000000e+02   0.0000000e+00   7.1776352e+02   6.4788825e+02
   0.0000000e+00   4.0000000e+02   0.0000000e+00   6.2032408e+02   5.8000952e+01
   1.0000000e+02   4.0000000e+02   0.0000000e+00   6.2213237e+02   1.3402434e+02
   2.0000000e+02   4.0000000e+02   0.0000000e+00   6.2394195e+02   2.1340159e+02
   3.0000000e+02   4.0000000e+02   0.0000000e+00   6.2551901e+02   2.9613555e+02
   4.0000000e+02   4.0000000e+02   0.0000000e+00   6.2681434e+02   3.8166924e+02
   5.0000000e+02   4.0000000e+02   0.0000000e+00   6.2768279e+02   4.6927453e+02
   6.0000000e+02   4.0000000e+02   0.0000000e+00   6.2812041e+02   5.5811258e+02
   7.0000000e+02   4.0000000e+02   0.0000000e+00   6.2836504e+02   6.4708005e+02
   0.0000000e+00   3.0000000e+02   0.0000000e+00   5.3881088e+02   6.3398999e+01
   1.0000000e+02   3.0000000e+02   0.0000000e+00   5.3925362e+02   1.3835584e+02
   2.0000000e+02   3.0000000e+02   0.0000000e+00   5.3944195e+02   2.1684578e+02
   3.0000000e+02   3.0000000e+02   0.0000000e+00   5.3955982e+02   2.9849580e+02
   4.0000000e+02   3.0000000e+02   0.0000000e+00   5.3970892e+02   3.8316966e+02
   5.0000000e+02   3.0000000e+02   0.0000000e+00   5.3979887e+02   4.6970481e+02
   6.0000000e+02   3.0000000e+02   0.0000000e+00   5.3979151e+02   5.5749589e+02
   7.0000000e+02   3.0000000e+02   0.0000000e+00   5.3945144e+02   6.4537238e+02
   0.0000000e+00   2.0000000e+02   0.0000000e+00   4.5949716e+02   6.9060834e+01
   1.0000000e+02   2.0000000e+02   0.0000000e+00   4.5812446e+02   1.4327454e+02
   2.0000000e+02   2.0000000e+02   0.0000000e+00   4.5675204e+02   2.2067019e+02
   3.0000000e+02   2.0000000e+02   0.0000000e+00   4.5579721e+02   3.0137701e+02
   4.0000000e+02   2.0000000e+02   0.0000000e+00   4.5486030e+02   3.8469556e+02
   5.0000000e+02   2.0000000e+02   0.0000000e+00   4.5415802e+02   4.6992359e+02
   6.0000000e+02   2.0000000e+02   0.0000000e+00   4.5371594e+02   5.5633019e+02
   7.0000000e+02   2.0000000e+02   0.0000000e+00   4.5364190e+02   6.4290889e+02
   0.0000000e+00   1.0000000e+02   0.0000000e+00   3.8219275e+02   7.5382000e+01
   1.0000000e+02   1.0000000e+02   0.0000000e+00   3.7984754e+02   1.4891556e+02
   2.0000000e+02   1.0000000e+02   0.0000000e+00   3.7724360e+02   2.2517561e+02
   3.0000000e+02   1.0000000e+02   0.0000000e+00   3.7502719e+02   3.0451758e+02
   4.0000000e+02   1.0000000e+02   0.0000000e+00   3.7321178e+02   3.8637577e+02
   5.0000000e+02   1.0000000e+02   0.0000000e+00   3.7184015e+02   4.7003685e+02
   6.0000000e+02   1.0000000e+02   0.0000000e+00   3.7110718e+02   5.5469096e+02
   7.0000000e+02   1.0000000e+02   0.0000000e+00   3.7038295e+02   6.3958831e+02
   0.0000000e+00   0.0000000e+00   0.0000000e+00   3.0801194e+02   8.2293436e+01
   1.0000000e+02   0.0000000e+00   0.0000000e+00   3.0455595e+02   1.5481547e+02
   2.0000000e+02   0.0000000e+00   0.0000000e+00   3.0066333e+02   2.2998937e+02
   3.0000000e+02   0.0000000e+00   0.0000000e+00   2.9769825e+02   3.0769720e+02
   4.0000000e+02   0.0000000e+00   0.0000000e+00   2.9476166e+02   3.8829303e+02
   5.0000000e+02   0.0000000e+00   0.0000000e+00   2.9287450e+02   4.6999142e+02
   6.0000000e+02   0.0000000e+00   0.0000000e+00   2.9183220e+02   5.5312616e+02
   7.0000000e+02   0.0000000e+00   0.0000000e+00   2.9085689e+02   6.3614446e+02
