   0.0000000e+00   9.0000000e+02   0.0000000e+00   6.8934216e+02   4.7947002e+01
   1.0000000e+02   9.0000000e+02   0.0000000e+00   6.9712766e+02   1.2465657e+02
   2.0000000e+02   9.0000000e+02   0.0000000e+00   7.0446027e+02   2.0433210e+02
   3.0000000e+02   9.0000000e+02   0.0000000e+00   7.1152230e+02   2.8639330e+02
   4.0000000e+02   9.0000000e+02   0.0000000e+00   7.1884052e+02   3.7189234e+02
   5.0000000e+02   9.0000000e+02   0.0000000e+00   7.2505251e+02   4.5823534e+02
   6.0000000e+02   9.0000000e+02   0.0000000e+00   7.3060451e+02   5.4577911e+02
   7.0000000e+02   9.0000000e+02   0.0000000e+00   7.3575546e+02   6.3231869e+02
   0.0000000e+00   8.0000000e+02   0.0000000e+00   6.1035193e+02   6.4839222e+01
   1.0000000e+02   8.0000000e+02   0.0000000e+00   6.1646229e+02   1.3930679e+02
   2.0000000e+02   8.0000000e+02   0.0000000e+00   6.2284373e+02   2.1703190e+02
   3.0000000e+02   8.0000000e+02   0.0000000e+00   6.2864486e+02   2.9707545e+02
   4.0000000e+02   8.0000000e+02   0.0000000e+00   6.3483972e+02   3.7984793e+02
   5.0000000e+02   8.0000000e+02   0.0000000e+00   6.4024014e+02   4.6389454e+02
   6.0000000e+02   8.0000000e+02   0.0000000e+00   6.4539594e+02   5.4853415e+02
   7.0000000e+02   8.0000000e+02   0.0000000e+00   6.5067105e+02   6.3253057e+02
   0.0000000e+00   7.0000000e+02   0.0000000e+00   5.3574257e+02   8.1317753e+01
   1.0000000e+02   7.0000000e+02   0.0000000e+00   5.4052313e+02   1.5403982e+02
   2.0000000e+02   7.0000000e+02   0.0000000e+00   5.4563171e+02   2.2947160e+02
   3.0000000e+02   7.0000000e+02   0.0000000e+00   5.5062687e+02   3.0744547e+02
   4.0000000e+02   7.0000000e+02   0.0000000e+00   5.5568513e+02   3.8749266e+02
   5.0000000e+02   7.0000000e+02   0.0000000e+00   5.6050055e+02   4.6883887e+02
   6.0000000e+02   7.0000000e+02   0.0000000e+00   5.6566659e+02   5.5070620e+02
   7.0000000e+02   7.0000000e+02   0.0000000e+00   5.7044016e+02   6.3212916e+02
   0.0000000e+00   6.0000000e+02   0.0000000e+00   4.6596453e+02   9.7530482e+01
   1.0000000e+02   6.0000000e+02   0.0000000e+00   4.6975652e+02   1.6840980e+02
   2.0000000e+02   6.0000000e+02   0.0000000e+00   4.7359271e+02   2.4164888e+02
   3.0000000e+02   6.0000000e+02   0.0000000e+00   4.7769967e+02   3.1731395e+02
   4.0000000e+02   6.0000000e+02   0.0000000e+00   4.8186136e+02   3.9479096e+02
   5.0000000e+02   6.0000000e+02   0.0000000e+00   4.8625167e+02   4.7346672e+02
   6.0000000e+02   6.0000000e+02   0.0000000e+00   4.9105567e+02   5.5243026e+02
   7.0000000e+02   6.0000000e+02   0.0000000e+00   4.9589942e+02   6.3113193e+02
   0.0000000e+00   5.0000000e+02   0.0000000e+00   4.0000625e+02   1.1356690e+02
   1.0000000e+02   5.0000000e+02   0.0000000e+00   4.0286823e+02   1.8253217e+02
   2.0000000e+02   5.0000000e+02   0.0000000e+00   4.0588363e+02   2.5355871e+02
   3.0000000e+02   5.0000000e+02   0.0000000e+00   4.0917235e+02   3.2666077e+02
   4.0000000e+02   5.0000000e+02   0.0000000e+00   4.1261904e+02   4.0161177e+02
   5.0000000e+02   5.0000000e+02   0.0000000e+00   4.1672718e+02   4.7756787e+02
   6.0000000e+02   5.0000000e+02   0.0000000e+00   4.2097335e+02   5.5380368e+02
   7.0000000e+02   5.0000000e+02   0.0000000e+00   4.2539210e+02   6.2952226e+02
   0.0000000e+00   4.0000000e+02   0.0000000e+00   3.3897735e+02   1.2904049e+02
   1.0000000e+02   4.0000000e+02   0.0000000e+00   3.4094990e+02   1.9601165e+02
   2.0000000e+02   4.0000000e+02   0.0000000e+00   3.4305968e+02   2.6500822e+02
   3.0000000e+02   4.0000000e+02   0.0000000e+00   3.4586227e+02   3.3584053e+02
   4.0000000e+02   4.0000000e+02   0.0000000e+00   3.4880420e+02   4.0802197e+02
   5.0000000e+02   4.0000000e+02   0.0000000e+00   3.5238845e+02   4.8124443e+02
   6.0000000e+02   4.0000000e+02   0.0000000e+00   3.5633081e+02   5.5467683e+02
   7.0000000e+02   4.0000000e+02   0.0000000e+00   3.6071001e+02   6.2806956e+02
   0.0000000e+00   3.0000000e+02   0.0000000e+00   2.8191453e+02   1.4430023e+02
   1.0000000e+02   3.0000000e+02   0.0000000e+00   2.8344828e+02   2.0911490e+02
   2.0000000e+02   3.0000000e+02   0.0000000e+00   2.8506531e+02   2.7595108e+02
   3.0000000e+02   3.0000000e+02   0.0000000e+00   2.8717024e+02   3.4429742e+02
   4.0000000e+02   3.0000000e+02   0.0000000e+00   2.8971588e+02   4.1408559e+02
   5.0000000e+02   3.0000000e+02   0.0000000e+00   2.9271631e+02   4.8452750e+02
   6.0000000e+02   3.0000000e+02   0.0000000e+00   2.9639021e+02   5.5541913e+02
   7.0000000e+02   3.0000000e+02   0.0000000e+00   3.0026026e+02   6.2593799e+02
   0.0000000e+00   2.0000000e+02   0.0000000e+00   2.2928705e+02   1.5852853e+02
   1.0000000e+02   2.0000000e+02   0.0000000e+00   2.3013387e+02   2.2162546e+02
   2.0000000e+02   2.0000000e+02   0.0000000e+00   2.3113165e+02   2.8626616e+02
   3.0000000e+02   2.0000000e+02   0.0000000e+00   2.3298875e+02   3.5244082e+02
   4.0000000e+02   2.0000000e+02   0.0000000e+00   2.3496920e+02   4.1960816e+02
   5.0000000e+02   2.0000000e+02   0.0000000e+00   2.3781460e+02   4.8755749e+02
   6.0000000e+02   2.0000000e+02   0.0000000e+00   2.4118294e+02   5.5581132e+02
   7.0000000e+02   2.0000000e+02   0.0000000e+00   2.4490444e+02   6.2411746e+02
   0.0000000e+00   1.0000000e+02   0.0000000e+00   1.7976626e+02   1.7221887e+02
   1.0000000e+02   1.0000000e+02   0.0000000e+00   1.8047070e+02   2.3337320e+02
   2.0000000e+02   1.0000000e+02   0.0000000e+00   1.8133437e+02   2.9601683e+02
   3.0000000e+02   1.0000000e+02   0.0000000e+00   1.8268276e+02   3.5985723e+02
   4.0000000e+02   1.0000000e+02   0.0000000e+00   1.8452670e+02   4.2478311e+02
   5.0000000e+02   1.0000000e+02   0.0000000e+00   1.8704527e+02   4.9038549e+02
   6.0000000e+02   1.0000000e+02   0.0000000e+00   1.9019781e+02   5.5606055e+02
   7.0000000e+02   1.0000000e+02   0.0000000e+00   1.9358346e+02   6.2162736e+02
   0.0000000e+00   0.0000000e+00   0.0000000e+00   1.3390902e+02   1.8461973e+02
   1.0000000e+02   0.0000000e+00   0.0000000e+00   1.3457308e+02   2.4422182e+02
   2.0000000e+02   0.0000000e+00   0.0000000e+00   1.3480412e+02   3.0532260e+02
   3.0000000e+02   0.0000000e+00   0.0000000e+00   1.3629930e+02   3.6676343e+02
   4.0000000e+02   0.0000000e+00   0.0000000e+00   1.3763685e+02   4.2960970e+02
   5.0000000e+02   0.0000000e+00   0.0000000e+00   1.4005233e+02   4.9283097e+02
   6.0000000e+02   0.0000000e+00   0.0000000e+00   1.4305893e+02   5.5646316e+02
   7.0000000e+02   0.0000000e+00   0.0000000e+00   1.4619583e+02   6.2013254e+02
