   0.0000000e+00   7.0000000e+02   0.0000000e+00   4.6739772e+02  -2.7824079e+00
   1.0000000e+02   7.0000000e+02   0.0000000e+00   4.8710216e+02   7.7889235e+01
   2.0000000e+02   7.0000000e+02   0.0000000e+00   5.1059059e+02   1.6154423e+02
   3.0000000e+02   7.0000000e+02   0.0000000e+00   5.3465792e+02   2.4773586e+02
   4.0000000e+02   7.0000000e+02   0.0000000e+00   5.5888371e+02   3.3601761e+02
   5.0000000e+02   7.0000000e+02   0.0000000e+00   5.8298358e+02   4.2522365e+02
   6.0000000e+02   7.0000000e+02   0.0000000e+00   6.0729703e+02   5.1391355e+02
   7.0000000e+02   7.0000000e+02   0.0000000e+00   6.3068861e+02   6.0108104e+02
   0.0000000e+00   6.0000000e+02   0.0000000e+00   3.9217762e+02   3.3990343e+01
   1.0000000e+02   6.0000000e+02   0.0000000e+00   4.1356755e+02   1.1223216e+02
   2.0000000e+02   6.0000000e+02   0.0000000e+00   4.3526479e+02   1.9286513e+02
   3.0000000e+02   6.0000000e+02   0.0000000e+00   4.5765287e+02   2.7578317e+02
   4.0000000e+02   6.0000000e+02   0.0000000e+00   4.8071155e+02   3.6038675e+02
   5.0000000e+02   6.0000000e+02   0.0000000e+00   5.0370565e+02   4.4557834e+02
   6.0000000e+02   6.0000000e+02   0.0000000e+00   5.2710795e+02   5.3045408e+02
   7.0000000e+02   6.0000000e+02   0.0000000e+00   5.5044168e+02   6.1385870e+02
   0.0000000e+00   5.0000000e+02   0.0000000e+00   3.2564990e+02   6.9136598e+01
   1.0000000e+02   5.0000000e+02   0.0000000e+00   3.4567430e+02   1.4465474e+02
   2.0000000e+02   5.0000000e+02   0.0000000e+00   3.6586162e+02   2.2233949e+02
   3.0000000e+02   5.0000000e+02   0.0000000e+00   3.8687632e+02   3.0193241e+02
   4.0000000e+02   5.0000000e+02   0.0000000e+00   4.0856540e+02   3.8283659e+02
   5.0000000e+02   5.0000000e+02   0.0000000e+00   4.3071142e+02   4.6435906e+02
   6.0000000e+02   5.0000000e+02   0.0000000e+00   4.5333646e+02   5.4544419e+02
   7.0000000e+02   5.0000000e+02   0.0000000e+00   4.7558704e+02   6.2516703e+02
   0.0000000e+00   4.0000000e+02   0.0000000e+00   2.6548176e+02   1.0198270e+02
   1.0000000e+02   4.0000000e+02   0.0000000e+00   2.8404805e+02   1.7491140e+02
   2.0000000e+02   4.0000000e+02   0.0000000e+00   3.0298884e+02   2.4970362e+02
   3.0000000e+02   4.0000000e+02   0.0000000e+00   3.2279676e+02   3.2607332e+02
   4.0000000e+02   4.0000000e+02   0.0000000e+00   3.4328248e+02   4.0349951e+02
   5.0000000e+02   4.0000000e+02   0.0000000e+00   3.6450273e+02   4.8133985e+02
   6.0000000e+02   4.0000000e+02   0.0000000e+00   3.8622044e+02   5.5869236e+02
   7.0000000e+02   4.0000000e+02   0.0000000e+00   4.0782303e+02   6.3490589e+02
   0.0000000e+00   3.0000000e+02   0.0000000e+00   2.1046473e+02   1.3310134e+02
   1.0000000e+02   3.0000000e+02   0.0000000e+00   2.2791289e+02   2.0326677e+02
   2.0000000e+02   3.0000000e+02   0.0000000e+00   2.4582084e+02   2.7513309e+02
   3.0000000e+02   3.0000000e+02   0.0000000e+00   2.6464839e+02   3.4829326e+02
   4.0000000e+02   3.0000000e+02   0.0000000e+00   2.8407274e+02   4.2239651e+02
   5.0000000e+02   3.0000000e+02   0.0000000e+00   3.0423804e+02   4.9669007e+02
   6.0000000e+02   3.0000000e+02   0.0000000e+00   3.2501689e+02   5.7052218e+02
   7.0000000e+02   3.0000000e+02   0.0000000e+00   3.4566356e+02   6.4352895e+02
   0.0000000e+00   2.0000000e+02   0.0000000e+00   1.6028834e+02   1.6173818e+02
   1.0000000e+02   2.0000000e+02   0.0000000e+00   1.7693219e+02   2.2955704e+02
   2.0000000e+02   2.0000000e+02   0.0000000e+00   1.9382135e+02   2.9865001e+02
   3.0000000e+02   2.0000000e+02   0.0000000e+00   2.1182071e+02   3.6866363e+02
   4.0000000e+02   2.0000000e+02   0.0000000e+00   2.3025211e+02   4.3955023e+02
   5.0000000e+02   2.0000000e+02   0.0000000e+00   2.4958472e+02   5.1057958e+02
   6.0000000e+02   2.0000000e+02   0.0000000e+00   2.6950206e+02   5.8126898e+02
   7.0000000e+02   2.0000000e+02   0.0000000e+00   2.8980730e+02   6.5119118e+02
   0.0000000e+00   1.0000000e+02   0.0000000e+00   1.1403939e+02   1.8842779e+02
   1.0000000e+02   1.0000000e+02   0.0000000e+00   1.3043363e+02   2.5376442e+02
   2.0000000e+02   1.0000000e+02   0.0000000e+00   1.4666552e+02   3.2019625e+02
   3.0000000e+02   1.0000000e+02   0.0000000e+00   1.6363042e+02   3.8747708e+02
   4.0000000e+02   1.0000000e+02   0.0000000e+00   1.8126977e+02   4.5529711e+02
   5.0000000e+02   1.0000000e+02   0.0000000e+00   1.9991078e+02   5.2329195e+02
   6.0000000e+02   1.0000000e+02   0.0000000e+00   2.1920580e+02   5.9068249e+02
   7.0000000e+02   1.0000000e+02   0.0000000e+00   2.3828133e+02   6.5758194e+02
   0.0000000e+00   0.0000000e+00   0.0000000e+00   7.2069633e+01   2.1260912e+02
   1.0000000e+02   0.0000000e+00   0.0000000e+00   8.7784664e+01   2.7593066e+02
   2.0000000e+02   0.0000000e+00   0.0000000e+00   1.0322841e+02   3.4015168e+02
   3.0000000e+02   0.0000000e+00   0.0000000e+00   1.1966260e+02   4.0450173e+02
   4.0000000e+02   0.0000000e+00   0.0000000e+00   1.3663500e+02   4.6989380e+02
   5.0000000e+02   0.0000000e+00   0.0000000e+00   1.5445851e+02   5.3479261e+02
   6.0000000e+02   0.0000000e+00   0.0000000e+00   1.7322321e+02   5.9966768e+02
   7.0000000e+02   0.0000000e+00   0.0000000e+00   1.9194757e+02   6.6406364e+02
