   0.0000000e+00   6.0000000e+02   0.0000000e+00   4.2942606e+02   5.8964385e+00
   1.0000000e+02   6.0000000e+02   0.0000000e+00   4.5122052e+02   8.9307271e+01
   2.0000000e+02   6.0000000e+02   0.0000000e+00   4.7193334e+02   1.7482168e+02
   3.0000000e+02   6.0000000e+02   0.0000000e+00   4.9332411e+02   2.6311712e+02
   4.0000000e+02   6.0000000e+02   0.0000000e+00   5.1519964e+02   3.5338878e+02
   5.0000000e+02   6.0000000e+02   0.0000000e+00   5.3726068e+02   4.4449253e+02
   6.0000000e+02   6.0000000e+02   0.0000000e+00   5.5925759e+02   5.3519620e+02
   7.0000000e+02   6.0000000e+02   0.0000000e+00   5.8088332e+02   6.2435801e+02
   0.0000000e+00   5.0000000e+02   0.0000000e+00   3.5309723e+02   3.9397895e+01
   1.0000000e+02   5.0000000e+02   0.0000000e+00   3.7176340e+02   1.2004307e+02
   2.0000000e+02   5.0000000e+02   0.0000000e+00   3.9113398e+02   2.0310760e+02
   3.0000000e+02   5.0000000e+02   0.0000000e+00   4.1121352e+02   2.8857705e+02
   4.0000000e+02   5.0000000e+02   0.0000000e+00   4.3188734e+02   3.7583274e+02
   5.0000000e+02   5.0000000e+02   0.0000000e+00   4.5312280e+02   4.6369141e+02
   6.0000000e+02   5.0000000e+02   0.0000000e+00   4.7461810e+02   5.5122168e+02
   7.0000000e+02   5.0000000e+02   0.0000000e+00   4.9590861e+02   6.3703008e+02
   0.0000000e+00   4.0000000e+02   0.0000000e+00   2.8139095e+02   7.0616245e+01
   1.0000000e+02   4.0000000e+02   0.0000000e+00   2.9875979e+02   1.4928959e+02
   2.0000000e+02   4.0000000e+02   0.0000000e+00   3.1678199e+02   2.3002258e+02
   3.0000000e+02   4.0000000e+02   0.0000000e+00   3.3552525e+02   3.1255122e+02
   4.0000000e+02   4.0000000e+02   0.0000000e+00   3.5524608e+02   3.9667303e+02
   5.0000000e+02   4.0000000e+02   0.0000000e+00   3.7555282e+02   4.8139610e+02
   6.0000000e+02   4.0000000e+02   0.0000000e+00   3.9658599e+02   5.6547867e+02
   7.0000000e+02   4.0000000e+02   0.0000000e+00   4.1751382e+02   6.4830658e+02
   0.0000000e+00   3.0000000e+02   0.0000000e+00   2.1511617e+02   1.0121748e+02
   1.0000000e+02   3.0000000e+02   0.0000000e+00   2.3113066e+02   1.7743305e+02
   2.0000000e+02   3.0000000e+02   0.0000000e+00   2.4801743e+02   2.5546900e+02
   3.0000000e+02   3.0000000e+02   0.0000000e+00   2.6582769e+02   3.3526969e+02
   4.0000000e+02   3.0000000e+02   0.0000000e+00   2.8458588e+02   4.1619897e+02
   5.0000000e+02   3.0000000e+02   0.0000000e+00   3.0409918e+02   4.9750992e+02
   6.0000000e+02   3.0000000e+02   0.0000000e+00   3.2443250e+02   5.7841377e+02
   7.0000000e+02   3.0000000e+02   0.0000000e+00   3.4470891e+02   6.5804710e+02
   0.0000000e+00   2.0000000e+02   0.0000000e+00   1.5363663e+02   1.2985981e+02
   1.0000000e+02   2.0000000e+02   0.0000000e+00   1.6905457e+02   2.0394022e+02
   2.0000000e+02   2.0000000e+02   0.0000000e+00   1.8482164e+02   2.7943942e+02
   3.0000000e+02   2.0000000e+02   0.0000000e+00   2.0189897e+02   3.5645411e+02
   4.0000000e+02   2.0000000e+02   0.0000000e+00   2.1965120e+02   4.3424653e+02
   5.0000000e+02   2.0000000e+02   0.0000000e+00   2.3847306e+02   5.1235115e+02
   6.0000000e+02   2.0000000e+02   0.0000000e+00   2.5820619e+02   5.8984880e+02
   7.0000000e+02   2.0000000e+02   0.0000000e+00   2.7810491e+02   6.6679198e+02
   0.0000000e+00   1.0000000e+02   0.0000000e+00   9.6566881e+01   1.5676761e+02
   1.0000000e+02   1.0000000e+02   0.0000000e+00   1.1182895e+02   2.2851117e+02
   2.0000000e+02   1.0000000e+02   0.0000000e+00   1.2714881e+02   3.0166754e+02
   3.0000000e+02   1.0000000e+02   0.0000000e+00   1.4335152e+02   3.7581722e+02
   4.0000000e+02   1.0000000e+02   0.0000000e+00   1.6035801e+02   4.5074515e+02
   5.0000000e+02   1.0000000e+02   0.0000000e+00   1.7845908e+02   5.2577127e+02
   6.0000000e+02   1.0000000e+02   0.0000000e+00   1.9736507e+02   6.0041686e+02
   7.0000000e+02   1.0000000e+02   0.0000000e+00   2.1656246e+02   6.7401990e+02
   0.0000000e+00   0.0000000e+00   0.0000000e+00   4.3828063e+01   1.8162580e+02
   1.0000000e+02   0.0000000e+00   0.0000000e+00   5.8947756e+01   2.5148727e+02
   2.0000000e+02   0.0000000e+00   0.0000000e+00   7.3542540e+01   3.2230581e+02
   3.0000000e+02   0.0000000e+00   0.0000000e+00   8.9249437e+01   3.9390597e+02
   4.0000000e+02   0.0000000e+00   0.0000000e+00   1.0559264e+02   4.6627115e+02
   5.0000000e+02   0.0000000e+00   0.0000000e+00   1.2313206e+02   5.3831871e+02
   6.0000000e+02   0.0000000e+00   0.0000000e+00   1.4155408e+02   6.1029169e+02
   7.0000000e+02   0.0000000e+00   0.0000000e+00   1.6020986e+02   6.8163484e+02
