   0.0000000e+00   9.0000000e+02   0.0000000e+00   8.5248020e+02   9.5352875e+01
   1.0000000e+02   9.0000000e+02   0.0000000e+00   8.5856896e+02   1.6515227e+02
   2.0000000e+02   9.0000000e+02   0.0000000e+00   8.6531461e+02   2.3717356e+02
   3.0000000e+02   9.0000000e+02   0.0000000e+00   8.7149983e+02   3.1156745e+02
   4.0000000e+02   9.0000000e+02   0.0000000e+00   8.7612164e+02   3.8926669e+02
   5.0000000e+02   9.0000000e+02   0.0000000e+00   8.8045970e+02   4.6804093e+02
   6.0000000e+02   9.0000000e+02   0.0000000e+00   8.8387747e+02   5.4842218e+02
   7.0000000e+02   9.0000000e+02   0.0000000e+00   8.8653945e+02   6.2900918e+02
   0.0000000e+00   8.0000000e+02   0.0000000e+00   7.7981572e+02   9.3553006e+01
   1.0000000e+02   8.0000000e+02   0.0000000e+00   7.8554840e+02   1.6328372e+02
   2.0000000e+02   8.0000000e+02   0.0000000e+00   7.9056807e+02   2.3632108e+02
   3.0000000e+02   8.0000000e+02   0.0000000e+00   7.9588587e+02   3.1159056e+02
   4.0000000e+02   8.0000000e+02   0.0000000e+00   7.9995883e+02   3.8966561e+02
   5.0000000e+02   8.0000000e+02   0.0000000e+00   8.0378231e+02   4.6946646e+02
   6.0000000e+02   8.0000000e+02   0.0000000e+00   8.0673071e+02   5.5056309e+02
   7.0000000e+02   8.0000000e+02   0.0000000e+00   8.0856020e+02   6.3191655e+02
   0.0000000e+00   7.0000000e+02   0.0000000e+00   7.0566066e+02   9.1772989e+01
   1.0000000e+02   7.0000000e+02   0.0000000e+00   7.1016966e+02   1.6198302e+02
   2.0000000e+02   7.0000000e+02   0.0000000e+00   7.1449701e+02   2.3544664e+02
   3.0000000e+02   7.0000000e+02   0.0000000e+00   7.1835243e+02   3.1163724e+02
   4.0000000e+02   7.0000000e+02   0.0000000e+00   7.2196317e+02   3.9020600e+02
   5.0000000e+02   7.0000000e+02   0.0000000e+00   7.2512770e+02   4.7076336e+02
   6.0000000e+02   7.0000000e+02   0.0000000e+00   7.2718098e+02   5.5257309e+02
   7.0000000e+02   7.0000000e+02   0.0000000e+00   7.2865878e+02   6.3457600e+02
   0.0000000e+00   6.0000000e+02   0.0000000e+00   6.3111436e+02   9.1057703e+01
   1.0000000e+02   6.0000000e+02   0.0000000e+00   6.3419558e+02   1.6155619e+02
   2.0000000e+02   6.0000000e+02   0.0000000e+00   6.3715714e+02   2.3514480e+02
   3.0000000e+02   6.0000000e+02   0.0000000e+00   6.3989237e+02   3.1185760e+02
   4.0000000e+02   6.0000000e+02   0.0000000e+00   6.4259617e+02   3.9096549e+02
   5.0000000e+02   6.0000000e+02   0.0000000e+00   6.4473628e+02   4.7208374e+02
   6.0000000e+02   6.0000000e+02   0.0000000e+00   6.4631643e+02   5.5430896e+02
   7.0000000e+02   6.0000000e+02   0.0000000e+00   6.4803299e+02   6.3689667e+02
   0.0000000e+00   5.0000000e+02   0.0000000e+00   5.5483341e+02   9.0810544e+01
   1.0000000e+02   5.0000000e+02   0.0000000e+00   5.5648503e+02   1.6149328e+02
   2.0000000e+02   5.0000000e+02   0.0000000e+00   5.5808866e+02   2.3543431e+02
   3.0000000e+02   5.0000000e+02   0.0000000e+00   5.5961988e+02   3.1228512e+02
   4.0000000e+02   5.0000000e+02   0.0000000e+00   5.6128111e+02   3.9175682e+02
   5.0000000e+02   5.0000000e+02   0.0000000e+00   5.6258576e+02   4.7326425e+02
   6.0000000e+02   5.0000000e+02   0.0000000e+00   5.6386540e+02   5.5565707e+02
   7.0000000e+02   5.0000000e+02   0.0000000e+00   5.6499234e+02   6.3861479e+02
   0.0000000e+00   4.0000000e+02   0.0000000e+00   4.7863524e+02   9.1475191e+01
   1.0000000e+02   4.0000000e+02   0.0000000e+00   4.7874372e+02   1.6239134e+02
   2.0000000e+02   4.0000000e+02   0.0000000e+00   4.7895989e+02   2.3619052e+02
   3.0000000e+02   4.0000000e+02   0.0000000e+00   4.7937199e+02   3.1314733e+02
   4.0000000e+02   4.0000000e+02   0.0000000e+00   4.7984545e+02   3.9267904e+02
   5.0000000e+02   4.0000000e+02   0.0000000e+00   4.8054202e+02   4.7410190e+02
   6.0000000e+02   4.0000000e+02   0.0000000e+00   4.8128089e+02   5.5658904e+02
   7.0000000e+02   4.0000000e+02   0.0000000e+00   4.8224634e+02   6.3944151e+02
   0.0000000e+00   3.0000000e+02   0.0000000e+00   4.0247721e+02   9.3280494e+01
   1.0000000e+02   3.0000000e+02   0.0000000e+00   4.0130255e+02   1.6380186e+02
   2.0000000e+02   3.0000000e+02   0.0000000e+00   4.0012635e+02   2.3766230e+02
   3.0000000e+02   3.0000000e+02   0.0000000e+00   3.9920374e+02   3.1451409e+02
   4.0000000e+02   3.0000000e+02   0.0000000e+00   3.9862951e+02   3.9366443e+02
   5.0000000e+02   3.0000000e+02   0.0000000e+00   3.9855361e+02   4.7495180e+02
   6.0000000e+02   3.0000000e+02   0.0000000e+00   3.9873556e+02   5.5704369e+02
   7.0000000e+02   3.0000000e+02   0.0000000e+00   3.9916494e+02   6.3971753e+02
   0.0000000e+00   2.0000000e+02   0.0000000e+00   3.2746940e+02   9.5454803e+01
   1.0000000e+02   2.0000000e+02   0.0000000e+00   3.2460103e+02   1.6614423e+02
   2.0000000e+02   2.0000000e+02   0.0000000e+00   3.2210984e+02   2.3957998e+02
   3.0000000e+02   2.0000000e+02   0.0000000e+00   3.2028419e+02   3.1605549e+02
   4.0000000e+02   2.0000000e+02   0.0000000e+00   3.1869724e+02   3.9473387e+02
   5.0000000e+02   2.0000000e+02   0.0000000e+00   3.1785941e+02   4.7543519e+02
   6.0000000e+02   2.0000000e+02   0.0000000e+00   3.1763713e+02   5.5700447e+02
   7.0000000e+02   2.0000000e+02   0.0000000e+00   3.1791527e+02   6.3940072e+02
   0.0000000e+00   1.0000000e+02   0.0000000e+00   2.5330835e+02   9.8429169e+01
   1.0000000e+02   1.0000000e+02   0.0000000e+00   2.4967745e+02   1.6894983e+02
   2.0000000e+02   1.0000000e+02   0.0000000e+00   2.4606714e+02   2.4191050e+02
   3.0000000e+02   1.0000000e+02   0.0000000e+00   2.4295536e+02   3.1781247e+02
   4.0000000e+02   1.0000000e+02   0.0000000e+00   2.4055558e+02   3.9584816e+02
   5.0000000e+02   1.0000000e+02   0.0000000e+00   2.3900112e+02   4.7574766e+02
   6.0000000e+02   1.0000000e+02   0.0000000e+00   2.3827387e+02   5.5667842e+02
   7.0000000e+02   1.0000000e+02   0.0000000e+00   2.3803408e+02   6.3806145e+02
   0.0000000e+00   0.0000000e+00   0.0000000e+00   1.8048635e+02   1.0152011e+02
   1.0000000e+02   0.0000000e+00   0.0000000e+00   1.7615465e+02   1.7178150e+02
   2.0000000e+02   0.0000000e+00   0.0000000e+00   1.7146308e+02   2.4467723e+02
   3.0000000e+02   0.0000000e+00   0.0000000e+00   1.6771179e+02   3.1961758e+02
   4.0000000e+02   0.0000000e+00   0.0000000e+00   1.6436698e+02   3.9716833e+02
   5.0000000e+02   0.0000000e+00   0.0000000e+00   1.6213659e+02   4.7605347e+02
   6.0000000e+02   0.0000000e+00   0.0000000e+00   1.6095882e+02   5.5644539e+02
   7.0000000e+02   0.0000000e+00   0.0000000e+00   1.6038942e+02   6.3718908e+02
